listen tcp 0.0.0.0:6060: bind: address already in use
Serving new connection: 57755d3742f92d12, version 512 from 10.0.0.1:42979
57755d3742f92d12 0 0 1460
57755d3742f92d12 0 242 1460
57755d3742f92d12 0 242 1460
57755d3742f92d12 0 1542 1460
57755d3742f92d12 0 1446 2920
57755d3742f92d12 0 0 5840
57755d3742f92d12 0 231 5840
57755d3742f92d12 1 0 1460
57755d3742f92d12 3 0 1460
GET 10.1.0.1:6121/random
Responding with 200
57755d3742f92d12 3 91 1460
57755d3742f92d12 1 91 1460
57755d3742f92d12 0 0 5840
57755d3742f92d12 3 127 1460
57755d3742f92d12 1 127 1460
57755d3742f92d12 3 1477 1460
57755d3742f92d12 1 1477 1460
57755d3742f92d12 3 1477 1460
57755d3742f92d12 1 2736 2920
57755d3742f92d12 1 4086 2920
57755d3742f92d12 1 4050 5840
57755d3742f92d12 1 5400 5840
57755d3742f92d12 1 6750 5840
57755d3742f92d12 3 2700 4380
57755d3742f92d12 3 4050 4380
57755d3742f92d12 3 5400 4380
57755d3742f92d12 1 6750 5840
57755d3742f92d12 1 5400 8760
57755d3742f92d12 1 6750 8760
57755d3742f92d12 1 8100 8760
57755d3742f92d12 1 9450 8760
57755d3742f92d12 3 4050 7300
57755d3742f92d12 3 5400 7300
57755d3742f92d12 3 6750 7300
57755d3742f92d12 3 8100 7300
57755d3742f92d12 1 8100 11680
57755d3742f92d12 1 9450 11680
57755d3742f92d12 1 10800 11680
57755d3742f92d12 1 12150 11680
57755d3742f92d12 3 6750 10220
57755d3742f92d12 3 8100 10220
57755d3742f92d12 3 9450 10220
57755d3742f92d12 3 10526 10220
57755d3742f92d12 1 9479 14600
57755d3742f92d12 1 6779 16060
57755d3742f92d12 1 8129 16060
57755d3742f92d12 1 9479 16060
57755d3742f92d12 1 10829 16060
57755d3742f92d12 1 12179 16060
57755d3742f92d12 1 13529 16060
57755d3742f92d12 1 14879 16060
57755d3742f92d12 1 16229 16060
57755d3742f92d12 3 10526 10220
57755d3742f92d12 1 14879 18980
57755d3742f92d12 1 16229 18980
57755d3742f92d12 1 17579 18980
57755d3742f92d12 1 18929 18980
57755d3742f92d12 1 20279 18980
57755d3742f92d12 3 8374 13140
57755d3742f92d12 3 8403 13140
57755d3742f92d12 1 21629 18980
57755d3742f92d12 3 5703 11680
57755d3742f92d12 3 5746 11680
57755d3742f92d12 1 18900 17520
57755d3742f92d12 3 7096 11680
57755d3742f92d12 3 7139 11680
57755d3742f92d12 1 17550 17520
57755d3742f92d12 3 4451 11680
57755d3742f92d12 1 14850 17520
57755d3742f92d12 3 3874 11680
57755d3742f92d12 3 3831 11680
57755d3742f92d12 3 5181 11680
57755d3742f92d12 3 6531 11680
57755d3742f92d12 3 7881 11680
57755d3742f92d12 3 9231 11680
57755d3742f92d12 3 10581 11680
57755d3742f92d12 3 11931 11680
57755d3742f92d12 1 4050 17520
57755d3742f92d12 1 4147 17520
57755d3742f92d12 1 4979 17520
57755d3742f92d12 1 5008 17520
57755d3742f92d12 3 11931 11680
57755d3742f92d12 1 2308 17520
57755d3742f92d12 1 3658 17520
57755d3742f92d12 1 5008 17520
57755d3742f92d12 1 6358 17520
57755d3742f92d12 1 7708 17520
57755d3742f92d12 1 9058 17520
57755d3742f92d12 1 10408 17520
57755d3742f92d12 1 11758 17520
57755d3742f92d12 1 13108 17520
57755d3742f92d12 1 14458 17520
57755d3742f92d12 1 15808 17520
57755d3742f92d12 1 17158 17520
57755d3742f92d12 1 18224 17520
57755d3742f92d12 3 11888 11680
57755d3742f92d12 1 18127 17520
57755d3742f92d12 3 10800 11680
57755d3742f92d12 3 10842 11680
57755d3742f92d12 3 10871 11680
57755d3742f92d12 1 17295 14600
57755d3742f92d12 1 14595 14600
57755d3742f92d12 3 10871 11680
57755d3742f92d12 1 13245 14600
57755d3742f92d12 1 14595 14600
57755d3742f92d12 1 15945 14600
57755d3742f92d12 3 2771 8760
57755d3742f92d12 3 4121 8760
57755d3742f92d12 3 5471 8760
57755d3742f92d12 3 4079 8760
57755d3742f92d12 1 10545 14600
57755d3742f92d12 3 4079 8760
57755d3742f92d12 3 1350 8760
57755d3742f92d12 3 2700 8760
57755d3742f92d12 3 4050 8760
57755d3742f92d12 3 5400 8760
57755d3742f92d12 3 6505 8760
57755d3742f92d12 3 7855 8760
57755d3742f92d12 3 7891 8760
57755d3742f92d12 1 0 11680
57755d3742f92d12 3 2491 8760
57755d3742f92d12 3 1386 8760
57755d3742f92d12 3 2736 8760
57755d3742f92d12 3 4086 8760
57755d3742f92d12 3 5436 8760
57755d3742f92d12 3 6786 8760
57755d3742f92d12 3 8136 8760
57755d3742f92d12 3 9486 8760
57755d3742f92d12 1 1350 11680
57755d3742f92d12 1 2700 11680
57755d3742f92d12 1 4050 11680
57755d3742f92d12 1 5400 11680
57755d3742f92d12 1 6750 11680
57755d3742f92d12 1 8100 11680
57755d3742f92d12 1 9450 11680
57755d3742f92d12 1 10800 11680
57755d3742f92d12 1 12150 11680
57755d3742f92d12 1 12150 11680
57755d3742f92d12 3 9450 8760
57755d3742f92d12 3 10800 8760
57755d3742f92d12 1 12150 11680
57755d3742f92d12 1 12150 11680
57755d3742f92d12 3 2700 7300
57755d3742f92d12 3 4050 7300
57755d3742f92d12 3 5400 7300
57755d3742f92d12 3 6750 7300
57755d3742f92d12 3 8100 7300
57755d3742f92d12 3 9450 7300
57755d3742f92d12 1 1350 8760
57755d3742f92d12 1 2700 8760
57755d3742f92d12 1 4050 8760
57755d3742f92d12 1 5400 8760
57755d3742f92d12 1 6750 8760
57755d3742f92d12 1 8100 8760
57755d3742f92d12 1 9450 8760
57755d3742f92d12 3 8100 7300
57755d3742f92d12 1 8100 8760
57755d3742f92d12 1 9450 8760
57755d3742f92d12 3 6750 7300
57755d3742f92d12 3 8100 7300
57755d3742f92d12 1 8045 8760
57755d3742f92d12 1 9395 8760
57755d3742f92d12 3 6750 8760
57755d3742f92d12 3 8100 8760
57755d3742f92d12 3 8132 8760
57755d3742f92d12 3 8161 8760
57755d3742f92d12 3 8161 7300
57755d3742f92d12 3 9511 7300
57755d3742f92d12 1 5345 7300
57755d3742f92d12 1 6695 7300
57755d3742f92d12 3 4111 7300
57755d3742f92d12 1 4090 7300
57755d3742f92d12 1 1390 7300
57755d3742f92d12 3 1350 7300
57755d3742f92d12 1 1350 7300
57755d3742f92d12 1 1350 7300
57755d3742f92d12 1 2700 7300
57755d3742f92d12 1 4050 7300
57755d3742f92d12 1 5400 7300
57755d3742f92d12 1 6750 7300
57755d3742f92d12 1 8100 7300
57755d3742f92d12 3 1350 5840
57755d3742f92d12 3 2700 5840
57755d3742f92d12 3 4050 5840
57755d3742f92d12 3 5400 5840
57755d3742f92d12 3 6750 5840
57755d3742f92d12 1 8100 7300
57755d3742f92d12 1 8100 7300
57755d3742f92d12 3 6750 5840
57755d3742f92d12 3 5400 5840
57755d3742f92d12 3 6750 5840
57755d3742f92d12 1 6750 7300
57755d3742f92d12 1 8100 7300
57755d3742f92d12 3 5400 5840
57755d3742f92d12 3 6750 5840
57755d3742f92d12 1 6750 7300
57755d3742f92d12 1 8100 7300
57755d3742f92d12 3 5400 5840
57755d3742f92d12 3 6500 5840
57755d3742f92d12 3 7850 5840
57755d3742f92d12 1 6750 5840
57755d3742f92d12 3 6500 5840
57755d3742f92d12 1 5400 5840
57755d3742f92d12 1 5455 5840
57755d3742f92d12 1 5484 5840
57755d3742f92d12 3 2700 5840
57755d3742f92d12 3 4050 5840
57755d3742f92d12 3 5400 5840
57755d3742f92d12 3 6750 5840
57755d3742f92d12 1 4134 5840
57755d3742f92d12 1 5484 5840
57755d3742f92d12 1 6834 5840
57755d3742f92d12 1 5484 5840
57755d3742f92d12 1 6834 5840
57755d3742f92d12 3 5400 5840
57755d3742f92d12 3 6750 5840
57755d3742f92d12 3 8100 5840
57755d3742f92d12 1 5400 4380
57755d3742f92d12 3 6750 5840
57755d3742f92d12 1 4050 4380
57755d3742f92d12 1 5400 4380
57755d3742f92d12 1 4050 4380
57755d3742f92d12 1 5400 4380
57755d3742f92d12 3 5400 5840
57755d3742f92d12 3 6750 5840
57755d3742f92d12 1 4050 4380
57755d3742f92d12 1 5400 4380
57755d3742f92d12 3 6527 7300
57755d3742f92d12 3 7877 7300
57755d3742f92d12 1 5400 4380
57755d3742f92d12 1 4027 4380
57755d3742f92d12 1 4056 4380
57755d3742f92d12 3 7877 5840
57755d3742f92d12 1 4091 4380
57755d3742f92d12 3 2700 5840
57755d3742f92d12 1 1385 5840
57755d3742f92d12 1 2735 5840
57755d3742f92d12 1 4085 5840
57755d3742f92d12 1 5435 5840
57755d3742f92d12 1 6785 5840
57755d3742f92d12 3 1350 5840
57755d3742f92d12 3 2700 5840
57755d3742f92d12 3 4050 5840
57755d3742f92d12 3 5400 5840
57755d3742f92d12 3 6750 5840
57755d3742f92d12 1 6750 5840
57755d3742f92d12 3 6750 5840
57755d3742f92d12 1 5400 5840
57755d3742f92d12 1 6750 5840
57755d3742f92d12 3 5400 5840
57755d3742f92d12 3 6750 5840
57755d3742f92d12 1 5400 5840
57755d3742f92d12 1 6750 5840
57755d3742f92d12 3 5400 5840
57755d3742f92d12 3 6750 5840
57755d3742f92d12 1 5400 5840
57755d3742f92d12 1 6750 5840
57755d3742f92d12 1 5400 5840
57755d3742f92d12 1 6546 5840
57755d3742f92d12 1 7896 5840
57755d3742f92d12 3 4050 4380
57755d3742f92d12 3 5397 4380
57755d3742f92d12 3 2726 4380
57755d3742f92d12 1 0 5840
57755d3742f92d12 1 1350 5840
57755d3742f92d12 1 2700 5840
57755d3742f92d12 1 4050 5840
57755d3742f92d12 1 5400 5840
57755d3742f92d12 1 6750 5840
57755d3742f92d12 3 4076 4380
57755d3742f92d12 3 5426 4380
57755d3742f92d12 1 6750 5840
57755d3742f92d12 3 4079 4380
57755d3742f92d12 3 5429 4380
57755d3742f92d12 3 5429 4380
57755d3742f92d12 3 5400 4380
57755d3742f92d12 1 6750 5840
57755d3742f92d12 3 4050 4380
57755d3742f92d12 3 5400 4380
57755d3742f92d12 1 5400 7300
57755d3742f92d12 1 6750 7300
57755d3742f92d12 1 8100 7300
57755d3742f92d12 1 6750 7300
57755d3742f92d12 1 8100 7300
57755d3742f92d12 3 4050 5840
57755d3742f92d12 3 5400 5840
57755d3742f92d12 3 6750 5840
57755d3742f92d12 3 6750 5840
57755d3742f92d12 1 6750 7300
57755d3742f92d12 1 7888 7300
57755d3742f92d12 3 5400 5840
57755d3742f92d12 3 6750 5840
57755d3742f92d12 1 6538 7300
57755d3742f92d12 1 7888 7300
57755d3742f92d12 1 6538 7300
57755d3742f92d12 1 7888 7300
57755d3742f92d12 3 6750 5840
57755d3742f92d12 3 5400 5840
57755d3742f92d12 3 6750 5840
57755d3742f92d12 1 6750 7300
57755d3742f92d12 1 8100 7300
57755d3742f92d12 3 5400 5840
57755d3742f92d12 3 6750 5840
57755d3742f92d12 1 6750 7300
57755d3742f92d12 1 8100 7300
57755d3742f92d12 1 6750 7300
57755d3742f92d12 1 8100 7300
57755d3742f92d12 3 5400 5840
57755d3742f92d12 3 6750 5840
57755d3742f92d12 3 5400 5840
57755d3742f92d12 3 6750 5840
57755d3742f92d12 1 6750 7300
57755d3742f92d12 1 8100 7300
57755d3742f92d12 1 6750 7300
57755d3742f92d12 1 8100 7300
57755d3742f92d12 1 8100 7300
57755d3742f92d12 1 6523 7300
57755d3742f92d12 1 7873 7300
57755d3742f92d12 3 5400 5840
57755d3742f92d12 3 6750 5840
57755d3742f92d12 3 5400 7300
57755d3742f92d12 3 6750 7300
57755d3742f92d12 3 8100 7300
57755d3742f92d12 1 6523 7300
57755d3742f92d12 1 7873 7300
57755d3742f92d12 3 6750 7300
57755d3742f92d12 3 8100 7300
57755d3742f92d12 1 6523 7300
57755d3742f92d12 1 7873 7300
57755d3742f92d12 1 8100 7300
57755d3742f92d12 3 6750 7300
57755d3742f92d12 3 8100 7300
57755d3742f92d12 1 8100 7300
57755d3742f92d12 3 6750 7300
57755d3742f92d12 3 8100 7300
57755d3742f92d12 1 6750 8760
57755d3742f92d12 1 8100 8760
57755d3742f92d12 1 9450 8760
57755d3742f92d12 1 8100 8760
57755d3742f92d12 1 9450 8760
57755d3742f92d12 3 6750 7300
57755d3742f92d12 3 8100 7300
57755d3742f92d12 1 7853 8760
57755d3742f92d12 1 9203 8760
57755d3742f92d12 3 6750 7300
57755d3742f92d12 3 8100 7300
57755d3742f92d12 3 8100 7300
57755d3742f92d12 3 6750 7300
57755d3742f92d12 3 8100 7300
57755d3742f92d12 1 7853 8760
57755d3742f92d12 1 9203 8760
57755d3742f92d12 3 9450 7300
57755d3742f92d12 1 7853 7300
57755d3742f92d12 1 6750 7300
57755d3742f92d12 1 8100 7300
57755d3742f92d12 3 8100 8760
57755d3742f92d12 3 9450 8760
57755d3742f92d12 3 8100 8760
57755d3742f92d12 3 9450 8760
57755d3742f92d12 3 9450 8760
57755d3742f92d12 1 6750 7300
57755d3742f92d12 1 8100 7300
57755d3742f92d12 1 6750 7300
57755d3742f92d12 1 8100 7300
57755d3742f92d12 3 8100 8760
57755d3742f92d12 3 9450 8760
57755d3742f92d12 1 6750 7300
57755d3742f92d12 1 8100 7300
57755d3742f92d12 3 6750 7300
57755d3742f92d12 3 8100 7300
57755d3742f92d12 3 6572 7300
57755d3742f92d12 3 7922 7300
57755d3742f92d12 1 6750 7300
57755d3742f92d12 1 8100 7300
57755d3742f92d12 3 6572 7300
57755d3742f92d12 3 7922 7300
57755d3742f92d12 1 6750 7300
57755d3742f92d12 1 8100 7300
57755d3742f92d12 3 6572 7300
57755d3742f92d12 3 7922 7300
57755d3742f92d12 3 7922 7300
57755d3742f92d12 1 6750 7300
57755d3742f92d12 1 8100 7300
57755d3742f92d12 3 6750 7300
57755d3742f92d12 3 8100 7300
57755d3742f92d12 1 6750 7300
57755d3742f92d12 1 8100 7300
57755d3742f92d12 3 8100 7300
57755d3742f92d12 1 6750 8760
57755d3742f92d12 1 8100 8760
57755d3742f92d12 1 9450 8760
57755d3742f92d12 3 6750 7300
57755d3742f92d12 3 8100 7300
57755d3742f92d12 1 8100 8760
57755d3742f92d12 1 9450 8760
57755d3742f92d12 3 6750 7300
57755d3742f92d12 3 8100 7300
57755d3742f92d12 3 7853 7300
57755d3742f92d12 1 8100 8760
57755d3742f92d12 1 9450 8760
57755d3742f92d12 3 6503 8760
57755d3742f92d12 3 7853 8760
57755d3742f92d12 3 9203 8760
57755d3742f92d12 1 8100 8760
57755d3742f92d12 1 9450 8760
57755d3742f92d12 3 7853 8760
57755d3742f92d12 3 9203 8760
57755d3742f92d12 1 8100 8760
57755d3742f92d12 1 9450 8760
57755d3742f92d12 3 9203 8760
57755d3742f92d12 3 8100 8760
57755d3742f92d12 3 9450 8760
57755d3742f92d12 1 8100 8760
57755d3742f92d12 1 9450 8760
57755d3742f92d12 3 8100 8760
57755d3742f92d12 3 9450 8760
57755d3742f92d12 1 8100 8760
57755d3742f92d12 1 9450 8760
57755d3742f92d12 3 8100 8760
57755d3742f92d12 3 9450 8760
57755d3742f92d12 1 8100 8760
57755d3742f92d12 1 9450 8760
57755d3742f92d12 3 9450 8760
57755d3742f92d12 3 8100 8760
57755d3742f92d12 3 9223 8760
57755d3742f92d12 1 8100 8760
57755d3742f92d12 1 9450 8760
57755d3742f92d12 1 9450 8760
57755d3742f92d12 3 7873 8760
57755d3742f92d12 3 9223 8760
57755d3742f92d12 1 8100 8760
57755d3742f92d12 1 9450 8760
57755d3742f92d12 3 7873 8760
57755d3742f92d12 3 9223 8760
57755d3742f92d12 1 8100 8760
57755d3742f92d12 1 9450 8760
57755d3742f92d12 3 7873 8760
57755d3742f92d12 3 9223 8760
57755d3742f92d12 1 9450 8760
57755d3742f92d12 3 8100 8760
57755d3742f92d12 3 9450 8760
57755d3742f92d12 1 8100 8760
57755d3742f92d12 1 9450 8760
57755d3742f92d12 1 8100 8760
57755d3742f92d12 1 9450 8760
57755d3742f92d12 3 8100 8760
57755d3742f92d12 3 9450 8760
57755d3742f92d12 1 8100 8760
57755d3742f92d12 1 9450 8760
57755d3742f92d12 3 8100 8760
57755d3742f92d12 3 9450 8760
57755d3742f92d12 3 7853 10220
57755d3742f92d12 3 9203 10220
57755d3742f92d12 3 10553 10220
57755d3742f92d12 1 8100 8760
57755d3742f92d12 1 9450 8760
57755d3742f92d12 3 11903 10220
57755d3742f92d12 1 8100 7300
57755d3742f92d12 3 10553 7300
57755d3742f92d12 1 6750 7300
57755d3742f92d12 1 8100 7300
57755d3742f92d12 3 6750 7300
57755d3742f92d12 3 8100 7300
57755d3742f92d12 3 6750 7300
57755d3742f92d12 3 8100 7300
57755d3742f92d12 1 6750 7300
57755d3742f92d12 1 8100 7300
57755d3742f92d12 1 6750 7300
57755d3742f92d12 1 8100 7300
57755d3742f92d12 3 6750 7300
57755d3742f92d12 3 8100 7300
57755d3742f92d12 1 6750 7300
57755d3742f92d12 1 8100 7300
57755d3742f92d12 3 5400 5840
57755d3742f92d12 3 6750 5840
57755d3742f92d12 1 6750 7300
57755d3742f92d12 1 8100 7300
57755d3742f92d12 1 6750 7300
57755d3742f92d12 1 8100 7300
57755d3742f92d12 3 5400 5840
57755d3742f92d12 3 6585 5840
57755d3742f92d12 1 5429 7300
57755d3742f92d12 3 5235 5840
57755d3742f92d12 3 6585 5840
57755d3742f92d12 1 6779 7300
57755d3742f92d12 1 8129 7300
57755d3742f92d12 1 6779 7300
57755d3742f92d12 1 8129 7300
57755d3742f92d12 3 5235 5840
57755d3742f92d12 3 6585 5840
57755d3742f92d12 1 6779 7300
57755d3742f92d12 1 8129 7300
57755d3742f92d12 1 8129 7300
57755d3742f92d12 3 5400 7300
57755d3742f92d12 3 6750 7300
57755d3742f92d12 3 8100 7300
57755d3742f92d12 1 8100 7300
57755d3742f92d12 3 6750 7300
57755d3742f92d12 3 8100 7300
57755d3742f92d12 1 6750 7300
57755d3742f92d12 1 8100 7300
57755d3742f92d12 3 8100 7300
57755d3742f92d12 1 6750 7300
57755d3742f92d12 1 8100 7300
57755d3742f92d12 3 8100 7300
57755d3742f92d12 3 6750 7300
57755d3742f92d12 3 8100 7300
57755d3742f92d12 3 6750 7300
57755d3742f92d12 3 8100 7300
57755d3742f92d12 1 6513 7300
57755d3742f92d12 1 7863 7300
57755d3742f92d12 3 6750 7300
57755d3742f92d12 3 8100 7300
57755d3742f92d12 1 6513 7300
57755d3742f92d12 1 7863 7300
57755d3742f92d12 1 6513 7300
57755d3742f92d12 1 7863 7300
57755d3742f92d12 3 8100 7300
57755d3742f92d12 3 6750 7300
57755d3742f92d12 3 8100 7300
57755d3742f92d12 1 6750 7300
57755d3742f92d12 1 8100 7300
57755d3742f92d12 3 6750 7300
57755d3742f92d12 3 8100 7300
57755d3742f92d12 1 6750 7300
57755d3742f92d12 1 8100 7300
57755d3742f92d12 1 6750 7300
57755d3742f92d12 1 8100 7300
57755d3742f92d12 3 6750 7300
57755d3742f92d12 3 8100 7300
57755d3742f92d12 3 6750 7300
57755d3742f92d12 3 8100 7300
57755d3742f92d12 1 6750 7300
57755d3742f92d12 1 8100 7300
57755d3742f92d12 3 6525 8760
57755d3742f92d12 3 7875 8760
57755d3742f92d12 3 9225 8760
57755d3742f92d12 1 6750 7300
57755d3742f92d12 1 8100 7300
57755d3742f92d12 1 6750 7300
57755d3742f92d12 1 8100 7300
57755d3742f92d12 3 7875 8760
57755d3742f92d12 3 9225 8760
57755d3742f92d12 3 7875 8760
57755d3742f92d12 3 9225 8760
57755d3742f92d12 1 6750 7300
57755d3742f92d12 1 8100 7300
57755d3742f92d12 3 8100 8760
57755d3742f92d12 3 9450 8760
57755d3742f92d12 1 6750 7300
57755d3742f92d12 1 8100 7300
57755d3742f92d12 1 6750 8760
57755d3742f92d12 1 8100 8760
57755d3742f92d12 1 9450 8760
57755d3742f92d12 3 8100 7300
57755d3742f92d12 3 6750 7300
57755d3742f92d12 3 8100 7300
57755d3742f92d12 1 8100 8760
57755d3742f92d12 1 9450 8760
57755d3742f92d12 3 6750 7300
57755d3742f92d12 3 7866 7300
57755d3742f92d12 1 8100 8760
57755d3742f92d12 1 9450 8760
57755d3742f92d12 1 8100 8760
57755d3742f92d12 1 9450 8760
57755d3742f92d12 3 6516 7300
57755d3742f92d12 3 7866 7300
57755d3742f92d12 1 9450 8760
57755d3742f92d12 3 6516 7300
57755d3742f92d12 3 7866 7300
57755d3742f92d12 1 8100 8760
57755d3742f92d12 1 9450 8760
57755d3742f92d12 3 6750 8760
57755d3742f92d12 3 8100 8760
57755d3742f92d12 3 9450 8760
57755d3742f92d12 1 8100 8760
57755d3742f92d12 1 9450 8760
57755d3742f92d12 1 8100 8760
57755d3742f92d12 1 9450 8760
57755d3742f92d12 3 8100 8760
57755d3742f92d12 3 9450 8760
57755d3742f92d12 3 8100 8760
57755d3742f92d12 3 9450 8760
57755d3742f92d12 3 9450 8760
57755d3742f92d12 1 8100 8760
57755d3742f92d12 1 9450 8760
57755d3742f92d12 3 8100 8760
57755d3742f92d12 3 9203 8760
57755d3742f92d12 1 8100 8760
57755d3742f92d12 1 9450 8760
57755d3742f92d12 1 8100 8760
57755d3742f92d12 1 9450 8760
57755d3742f92d12 3 7853 8760
57755d3742f92d12 3 9203 8760
57755d3742f92d12 3 7853 8760
57755d3742f92d12 3 9203 8760
57755d3742f92d12 1 8100 8760
57755d3742f92d12 1 9450 8760
57755d3742f92d12 3 7853 8760
57755d3742f92d12 3 9203 8760
57755d3742f92d12 1 8100 8760
57755d3742f92d12 1 9450 8760
57755d3742f92d12 3 8100 8760
57755d3742f92d12 3 9450 8760
57755d3742f92d12 3 10800 8760
57755d3742f92d12 1 8100 7300
57755d3742f92d12 3 9450 8760
57755d3742f92d12 3 8100 8760
57755d3742f92d12 3 9450 8760
57755d3742f92d12 1 6750 7300
57755d3742f92d12 1 8100 7300
57755d3742f92d12 1 6750 7300
57755d3742f92d12 1 8100 7300
57755d3742f92d12 3 7905 8760
57755d3742f92d12 3 9255 8760
57755d3742f92d12 1 6750 7300
57755d3742f92d12 1 8100 7300
57755d3742f92d12 3 7905 8760
57755d3742f92d12 3 9255 8760
57755d3742f92d12 3 7905 8760
57755d3742f92d12 3 9255 8760
57755d3742f92d12 1 8100 7300
57755d3742f92d12 1 6750 7300
57755d3742f92d12 1 8100 7300
57755d3742f92d12 1 6750 7300
57755d3742f92d12 1 8100 7300
57755d3742f92d12 3 8100 8760
57755d3742f92d12 3 9450 8760
57755d3742f92d12 3 8100 7300
57755d3742f92d12 1 6750 7300
57755d3742f92d12 1 8100 7300
57755d3742f92d12 1 8100 7300
57755d3742f92d12 3 6750 7300
57755d3742f92d12 3 8100 7300
57755d3742f92d12 1 6750 7300
57755d3742f92d12 1 8100 7300
57755d3742f92d12 1 6750 7300
57755d3742f92d12 1 8100 7300
57755d3742f92d12 3 6750 7300
57755d3742f92d12 3 8100 7300
57755d3742f92d12 1 6750 8760
57755d3742f92d12 1 7866 8760
57755d3742f92d12 1 9216 8760
57755d3742f92d12 3 6750 7300
57755d3742f92d12 3 8100 7300
57755d3742f92d12 3 6750 8760
57755d3742f92d12 3 8100 8760
57755d3742f92d12 3 9450 8760
57755d3742f92d12 1 7866 8760
57755d3742f92d12 1 9216 8760
57755d3742f92d12 1 7866 8760
57755d3742f92d12 1 9216 8760
57755d3742f92d12 3 8100 8760
57755d3742f92d12 3 9450 8760
57755d3742f92d12 1 8100 8760
57755d3742f92d12 1 9450 8760
57755d3742f92d12 3 8100 8760
57755d3742f92d12 3 9450 8760
57755d3742f92d12 1 8100 7300
57755d3742f92d12 3 8100 8760
57755d3742f92d12 3 9450 8760
57755d3742f92d12 1 6750 7300
57755d3742f92d12 1 8100 7300
57755d3742f92d12 1 6750 7300
57755d3742f92d12 1 8100 7300
57755d3742f92d12 3 8100 8760
57755d3742f92d12 3 9450 8760
57755d3742f92d12 3 7883 8760
57755d3742f92d12 3 9233 8760
57755d3742f92d12 1 8100 7300
57755d3742f92d12 3 7883 8760
57755d3742f92d12 3 9233 8760
57755d3742f92d12 1 6750 7300
57755d3742f92d12 1 8100 7300
57755d3742f92d12 1 8100 7300
57755d3742f92d12 1 6750 7300
57755d3742f92d12 1 8100 7300
57755d3742f92d12 1 8100 7300
57755d3742f92d12 3 7883 8760
57755d3742f92d12 3 9233 8760
57755d3742f92d12 1 6750 7300
57755d3742f92d12 1 8100 7300
57755d3742f92d12 3 8100 8760
57755d3742f92d12 3 9450 8760
57755d3742f92d12 3 8100 8760
57755d3742f92d12 3 9450 8760
57755d3742f92d12 1 6750 7300
57755d3742f92d12 1 8100 7300
57755d3742f92d12 1 8100 8760
57755d3742f92d12 1 9450 8760
57755d3742f92d12 3 8100 8760
57755d3742f92d12 3 9450 8760
57755d3742f92d12 3 9450 8760
57755d3742f92d12 1 8100 8760
57755d3742f92d12 1 9450 8760
57755d3742f92d12 3 8100 8760
57755d3742f92d12 3 9215 8760
57755d3742f92d12 3 7865 8760
57755d3742f92d12 3 9215 8760
57755d3742f92d12 1 8100 8760
57755d3742f92d12 1 9450 8760
