Serving new connection: 3acb6c1236d89bb1, version 512 from 10.0.0.1:59499
3acb6c1236d89bb1 0 0 1460
3acb6c1236d89bb1 0 242 1460
3acb6c1236d89bb1 0 242 1460
3acb6c1236d89bb1 0 1542 1460
3acb6c1236d89bb1 0 1446 2920
3acb6c1236d89bb1 0 0 5840
3acb6c1236d89bb1 0 231 5840
3acb6c1236d89bb1 1 0 1460
3acb6c1236d89bb1 3 0 1460
GET 10.1.0.1:6122/random
Responding with 200
3acb6c1236d89bb1 3 91 1460
3acb6c1236d89bb1 1 91 1460
3acb6c1236d89bb1 0 0 5840
3acb6c1236d89bb1 3 127 1460
3acb6c1236d89bb1 1 127 1460
3acb6c1236d89bb1 3 1477 1460
3acb6c1236d89bb1 1 1477 1460
3acb6c1236d89bb1 3 2700 4380
3acb6c1236d89bb1 3 4050 4380
3acb6c1236d89bb1 3 5400 4380
3acb6c1236d89bb1 1 2736 2920
3acb6c1236d89bb1 1 4086 2920
3acb6c1236d89bb1 1 4050 5840
3acb6c1236d89bb1 1 5400 5840
3acb6c1236d89bb1 1 6750 5840
3acb6c1236d89bb1 3 4050 7300
3acb6c1236d89bb1 3 5400 7300
3acb6c1236d89bb1 3 6750 7300
3acb6c1236d89bb1 3 8100 7300
3acb6c1236d89bb1 3 6750 10220
3acb6c1236d89bb1 3 8100 10220
3acb6c1236d89bb1 3 9450 10220
3acb6c1236d89bb1 3 10800 10220
3acb6c1236d89bb1 1 5400 8760
3acb6c1236d89bb1 1 6750 8760
3acb6c1236d89bb1 1 8100 8760
3acb6c1236d89bb1 1 9450 8760
3acb6c1236d89bb1 1 8100 11680
3acb6c1236d89bb1 1 9450 11680
3acb6c1236d89bb1 1 10800 11680
3acb6c1236d89bb1 1 11896 11680
3acb6c1236d89bb1 3 8129 13140
3acb6c1236d89bb1 3 6779 14600
3acb6c1236d89bb1 3 8129 14600
3acb6c1236d89bb1 3 9479 14600
3acb6c1236d89bb1 3 10829 14600
3acb6c1236d89bb1 3 12179 14600
3acb6c1236d89bb1 3 13529 14600
3acb6c1236d89bb1 3 14879 14600
3acb6c1236d89bb1 3 14879 14600
3acb6c1236d89bb1 3 13529 17520
3acb6c1236d89bb1 3 14879 17520
3acb6c1236d89bb1 3 16229 17520
3acb6c1236d89bb1 3 17579 17520
3acb6c1236d89bb1 3 16229 20440
3acb6c1236d89bb1 3 17579 20440
3acb6c1236d89bb1 3 18929 20440
3acb6c1236d89bb1 3 20279 20440
3acb6c1236d89bb1 3 21629 20440
3acb6c1236d89bb1 1 10546 14600
3acb6c1236d89bb1 1 11896 14600
3acb6c1236d89bb1 1 13246 14600
3acb6c1236d89bb1 1 14596 14600
3acb6c1236d89bb1 1 15946 14600
3acb6c1236d89bb1 1 14596 17520
3acb6c1236d89bb1 1 15946 17520
3acb6c1236d89bb1 1 17296 17520
3acb6c1236d89bb1 1 18374 17520
3acb6c1236d89bb1 3 21600 23360
3acb6c1236d89bb1 3 22950 23360
3acb6c1236d89bb1 3 24300 23360
3acb6c1236d89bb1 3 25650 23360
3acb6c1236d89bb1 1 17024 16060
3acb6c1236d89bb1 1 15674 16060
3acb6c1236d89bb1 1 17024 16060
3acb6c1236d89bb1 3 24300 26280
3acb6c1236d89bb1 3 25650 26280
3acb6c1236d89bb1 3 27000 26280
3acb6c1236d89bb1 3 21600 24820
3acb6c1236d89bb1 3 22950 24820
3acb6c1236d89bb1 3 24300 24820
3acb6c1236d89bb1 3 25650 24820
3acb6c1236d89bb1 3 21600 24820
3acb6c1236d89bb1 3 22950 24820
3acb6c1236d89bb1 3 24300 24820
3acb6c1236d89bb1 3 25650 24820
3acb6c1236d89bb1 3 27000 24820
3acb6c1236d89bb1 1 15752 16060
3acb6c1236d89bb1 1 15781 16060
3acb6c1236d89bb1 3 21600 24820
3acb6c1236d89bb1 3 22950 24820
3acb6c1236d89bb1 3 24300 24820
3acb6c1236d89bb1 3 25650 24820
3acb6c1236d89bb1 1 15842 16060
3acb6c1236d89bb1 3 27000 24820
3acb6c1236d89bb1 1 10442 16060
3acb6c1236d89bb1 1 11792 16060
3acb6c1236d89bb1 1 11851 16060
3acb6c1236d89bb1 3 22950 24820
3acb6c1236d89bb1 3 24300 24820
3acb6c1236d89bb1 3 24348 24820
3acb6c1236d89bb1 3 25698 24820
3acb6c1236d89bb1 1 5373 16060
3acb6c1236d89bb1 1 6472 16060
3acb6c1236d89bb1 3 22998 24820
3acb6c1236d89bb1 3 23033 24820
3acb6c1236d89bb1 3 18983 20440
3acb6c1236d89bb1 1 2508 16060
3acb6c1236d89bb1 1 3858 16060
3acb6c1236d89bb1 1 5208 16060
3acb6c1236d89bb1 1 5243 16060
3acb6c1236d89bb1 1 6593 16060
3acb6c1236d89bb1 1 7943 16060
3acb6c1236d89bb1 1 9293 16060
3acb6c1236d89bb1 1 10643 16060
3acb6c1236d89bb1 1 10691 16060
3acb6c1236d89bb1 3 2735 20440
3acb6c1236d89bb1 1 10632 13140
3acb6c1236d89bb1 1 10691 13140
3acb6c1236d89bb1 1 6892 13140
3acb6c1236d89bb1 1 1409 13140
3acb6c1236d89bb1 1 2759 13140
3acb6c1236d89bb1 1 2807 13140
3acb6c1236d89bb1 3 0 20440
3acb6c1236d89bb1 1 1434 13140
3acb6c1236d89bb1 1 36 13140
3acb6c1236d89bb1 1 1386 13140
3acb6c1236d89bb1 1 2736 13140
3acb6c1236d89bb1 1 4086 13140
3acb6c1236d89bb1 1 5436 13140
3acb6c1236d89bb1 1 6786 13140
3acb6c1236d89bb1 1 8136 13140
3acb6c1236d89bb1 1 9486 13140
3acb6c1236d89bb1 1 10836 13140
3acb6c1236d89bb1 1 12186 13140
3acb6c1236d89bb1 1 13536 13140
3acb6c1236d89bb1 3 1350 20440
3acb6c1236d89bb1 3 2448 20440
3acb6c1236d89bb1 3 2448 20440
3acb6c1236d89bb1 3 3798 20440
3acb6c1236d89bb1 3 5148 20440
3acb6c1236d89bb1 3 6498 20440
3acb6c1236d89bb1 3 7848 20440
3acb6c1236d89bb1 3 9198 20440
3acb6c1236d89bb1 3 10548 20440
3acb6c1236d89bb1 3 11898 20440
3acb6c1236d89bb1 3 13248 20440
3acb6c1236d89bb1 3 14598 20440
3acb6c1236d89bb1 3 15948 20440
3acb6c1236d89bb1 3 17298 20440
3acb6c1236d89bb1 3 18648 20440
3acb6c1236d89bb1 3 19998 20440
3acb6c1236d89bb1 3 21348 20440
3acb6c1236d89bb1 1 13500 13140
3acb6c1236d89bb1 3 21348 20440
3acb6c1236d89bb1 3 20250 20440
3acb6c1236d89bb1 3 21600 20440
3acb6c1236d89bb1 1 12150 13140
3acb6c1236d89bb1 1 13500 13140
3acb6c1236d89bb1 3 20250 20440
3acb6c1236d89bb1 3 21600 20440
3acb6c1236d89bb1 1 12150 13140
3acb6c1236d89bb1 1 13500 13140
3acb6c1236d89bb1 3 20013 20440
3acb6c1236d89bb1 3 21363 20440
3acb6c1236d89bb1 1 12150 13140
3acb6c1236d89bb1 1 13500 13140
3acb6c1236d89bb1 1 9450 10220
3acb6c1236d89bb1 1 10800 10220
3acb6c1236d89bb1 1 12150 10220
3acb6c1236d89bb1 3 9213 16060
3acb6c1236d89bb1 3 10563 16060
3acb6c1236d89bb1 3 11913 16060
3acb6c1236d89bb1 3 13263 16060
3acb6c1236d89bb1 3 14613 16060
3acb6c1236d89bb1 3 15963 16060
3acb6c1236d89bb1 3 17313 16060
3acb6c1236d89bb1 3 15963 16060
3acb6c1236d89bb1 3 17313 16060
3acb6c1236d89bb1 1 10800 10220
3acb6c1236d89bb1 3 15963 16060
3acb6c1236d89bb1 3 17313 16060
3acb6c1236d89bb1 1 9450 10220
3acb6c1236d89bb1 1 10800 10220
3acb6c1236d89bb1 3 16200 16060
3acb6c1236d89bb1 1 9450 10220
3acb6c1236d89bb1 1 10800 10220
3acb6c1236d89bb1 3 13647 16060
3acb6c1236d89bb1 3 13676 16060
3acb6c1236d89bb1 1 4050 10220
3acb6c1236d89bb1 1 5400 10220
3acb6c1236d89bb1 1 6750 10220
3acb6c1236d89bb1 1 8100 10220
3acb6c1236d89bb1 1 9450 10220
3acb6c1236d89bb1 1 10800 10220
3acb6c1236d89bb1 3 9626 16060
3acb6c1236d89bb1 3 10976 16060
3acb6c1236d89bb1 3 12326 16060
3acb6c1236d89bb1 3 13676 16060
3acb6c1236d89bb1 3 15026 16060
3acb6c1236d89bb1 3 16124 16060
3acb6c1236d89bb1 3 16124 16060
3acb6c1236d89bb1 3 14774 16060
3acb6c1236d89bb1 3 16124 16060
3acb6c1236d89bb1 3 16124 16060
3acb6c1236d89bb1 1 9450 10220
3acb6c1236d89bb1 1 10800 10220
3acb6c1236d89bb1 3 14774 16060
3acb6c1236d89bb1 3 16124 16060
3acb6c1236d89bb1 1 12150 10220
3acb6c1236d89bb1 1 10800 10220
3acb6c1236d89bb1 3 11898 13140
3acb6c1236d89bb1 3 13248 13140
3acb6c1236d89bb1 1 9450 10220
3acb6c1236d89bb1 1 10800 10220
3acb6c1236d89bb1 3 11898 13140
3acb6c1236d89bb1 3 13248 13140
3acb6c1236d89bb1 1 9380 10220
3acb6c1236d89bb1 1 9409 10220
3acb6c1236d89bb1 1 10759 10220
3acb6c1236d89bb1 3 6785 13140
3acb6c1236d89bb1 1 8059 11680
3acb6c1236d89bb1 3 4085 13140
3acb6c1236d89bb1 1 6709 11680
3acb6c1236d89bb1 1 8059 11680
3acb6c1236d89bb1 1 9409 11680
3acb6c1236d89bb1 1 10759 11680
3acb6c1236d89bb1 1 12109 11680
3acb6c1236d89bb1 3 5435 13140
3acb6c1236d89bb1 3 6785 13140
3acb6c1236d89bb1 3 8135 13140
3acb6c1236d89bb1 3 9485 13140
3acb6c1236d89bb1 3 10835 13140
3acb6c1236d89bb1 3 12021 13140
3acb6c1236d89bb1 3 13371 13140
3acb6c1236d89bb1 3 13371 13140
3acb6c1236d89bb1 3 12021 13140
3acb6c1236d89bb1 3 13371 13140
3acb6c1236d89bb1 1 10759 11680
3acb6c1236d89bb1 1 12109 11680
3acb6c1236d89bb1 1 12150 11680
3acb6c1236d89bb1 3 13336 13140
3acb6c1236d89bb1 1 10800 11680
3acb6c1236d89bb1 1 12150 11680
3acb6c1236d89bb1 3 11986 13140
3acb6c1236d89bb1 3 13336 13140
3acb6c1236d89bb1 1 10800 11680
3acb6c1236d89bb1 1 12150 11680
3acb6c1236d89bb1 3 11986 13140
3acb6c1236d89bb1 3 13336 13140
3acb6c1236d89bb1 1 10800 11680
3acb6c1236d89bb1 1 12150 11680
3acb6c1236d89bb1 3 12150 13140
3acb6c1236d89bb1 3 13500 13140
3acb6c1236d89bb1 1 10800 11680
3acb6c1236d89bb1 1 12150 11680
3acb6c1236d89bb1 3 12150 13140
3acb6c1236d89bb1 3 13500 13140
3acb6c1236d89bb1 1 13500 11680
3acb6c1236d89bb1 1 12150 11680
3acb6c1236d89bb1 3 9226 10220
3acb6c1236d89bb1 3 10576 10220
3acb6c1236d89bb1 1 10800 11680
3acb6c1236d89bb1 1 12150 11680
3acb6c1236d89bb1 3 9226 10220
3acb6c1236d89bb1 3 10576 10220
3acb6c1236d89bb1 1 10800 11680
3acb6c1236d89bb1 1 12150 11680
3acb6c1236d89bb1 1 10800 11680
3acb6c1236d89bb1 1 12150 11680
3acb6c1236d89bb1 3 9226 10220
3acb6c1236d89bb1 3 10576 10220
3acb6c1236d89bb1 1 10800 11680
3acb6c1236d89bb1 1 12150 11680
3acb6c1236d89bb1 3 9226 10220
3acb6c1236d89bb1 3 10576 10220
3acb6c1236d89bb1 1 10800 11680
3acb6c1236d89bb1 1 12150 11680
3acb6c1236d89bb1 3 9450 10220
3acb6c1236d89bb1 3 10800 10220
3acb6c1236d89bb1 3 10800 10220
3acb6c1236d89bb1 1 10800 11680
3acb6c1236d89bb1 1 12150 11680
3acb6c1236d89bb1 3 9450 10220
3acb6c1236d89bb1 3 10800 10220
3acb6c1236d89bb1 1 10800 11680
3acb6c1236d89bb1 1 11935 11680
3acb6c1236d89bb1 1 10585 8760
3acb6c1236d89bb1 3 9450 10220
3acb6c1236d89bb1 3 10800 10220
3acb6c1236d89bb1 1 9235 8760
3acb6c1236d89bb1 3 9450 10220
3acb6c1236d89bb1 3 10800 10220
3acb6c1236d89bb1 1 7885 8760
3acb6c1236d89bb1 1 9235 8760
3acb6c1236d89bb1 3 9450 10220
3acb6c1236d89bb1 3 10800 10220
3acb6c1236d89bb1 3 10800 10220
3acb6c1236d89bb1 1 7885 8760
3acb6c1236d89bb1 1 9235 8760
3acb6c1236d89bb1 1 8100 10220
3acb6c1236d89bb1 1 9450 10220
3acb6c1236d89bb1 1 10800 10220
3acb6c1236d89bb1 3 9450 10220
3acb6c1236d89bb1 3 10800 10220
3acb6c1236d89bb1 3 10800 10220
3acb6c1236d89bb1 1 9450 10220
3acb6c1236d89bb1 1 10800 10220
3acb6c1236d89bb1 3 9450 10220
3acb6c1236d89bb1 3 10800 10220
3acb6c1236d89bb1 1 12150 10220
3acb6c1236d89bb1 1 10800 10220
3acb6c1236d89bb1 3 6750 7300
3acb6c1236d89bb1 3 8100 7300
3acb6c1236d89bb1 1 9229 10220
3acb6c1236d89bb1 1 10579 10220
3acb6c1236d89bb1 3 6750 7300
3acb6c1236d89bb1 3 8100 7300
3acb6c1236d89bb1 1 9229 10220
3acb6c1236d89bb1 1 10579 10220
3acb6c1236d89bb1 3 6750 7300
3acb6c1236d89bb1 3 8100 7300
3acb6c1236d89bb1 1 9229 10220
3acb6c1236d89bb1 1 10579 10220
3acb6c1236d89bb1 1 9229 10220
3acb6c1236d89bb1 1 10579 10220
3acb6c1236d89bb1 3 6750 7300
3acb6c1236d89bb1 3 8100 7300
3acb6c1236d89bb1 1 9450 10220
3acb6c1236d89bb1 1 10800 10220
3acb6c1236d89bb1 3 6750 8760
3acb6c1236d89bb1 3 8100 8760
3acb6c1236d89bb1 3 9450 8760
3acb6c1236d89bb1 3 9450 8760
3acb6c1236d89bb1 1 9450 10220
3acb6c1236d89bb1 1 10800 10220
3acb6c1236d89bb1 3 8100 8760
3acb6c1236d89bb1 3 9450 8760
3acb6c1236d89bb1 1 9450 10220
3acb6c1236d89bb1 1 10800 10220
3acb6c1236d89bb1 3 7873 8760
3acb6c1236d89bb1 3 9223 8760
3acb6c1236d89bb1 1 9450 10220
3acb6c1236d89bb1 1 10800 10220
3acb6c1236d89bb1 3 7873 8760
3acb6c1236d89bb1 3 9223 8760
3acb6c1236d89bb1 1 9450 10220
3acb6c1236d89bb1 1 10800 10220
3acb6c1236d89bb1 3 7873 8760
3acb6c1236d89bb1 3 9223 8760
3acb6c1236d89bb1 1 9450 10220
3acb6c1236d89bb1 1 10800 10220
3acb6c1236d89bb1 3 8100 8760
3acb6c1236d89bb1 3 9450 8760
3acb6c1236d89bb1 1 9450 10220
3acb6c1236d89bb1 1 10800 10220
3acb6c1236d89bb1 3 8100 8760
3acb6c1236d89bb1 3 9450 8760
3acb6c1236d89bb1 1 9450 11680
3acb6c1236d89bb1 1 10800 11680
3acb6c1236d89bb1 1 12150 11680
3acb6c1236d89bb1 1 10800 11680
3acb6c1236d89bb1 1 12150 11680
3acb6c1236d89bb1 3 8100 8760
3acb6c1236d89bb1 3 9450 8760
3acb6c1236d89bb1 3 7863 8760
3acb6c1236d89bb1 3 9213 8760
3acb6c1236d89bb1 1 10800 11680
3acb6c1236d89bb1 1 12150 11680
3acb6c1236d89bb1 3 7863 8760
3acb6c1236d89bb1 3 9213 8760
3acb6c1236d89bb1 1 10800 11680
3acb6c1236d89bb1 1 12150 11680
3acb6c1236d89bb1 1 10800 11680
3acb6c1236d89bb1 1 12150 11680
3acb6c1236d89bb1 1 10800 11680
3acb6c1236d89bb1 1 12150 11680
3acb6c1236d89bb1 3 7863 8760
3acb6c1236d89bb1 3 9213 8760
3acb6c1236d89bb1 3 8100 10220
3acb6c1236d89bb1 3 9450 10220
3acb6c1236d89bb1 3 10800 10220
3acb6c1236d89bb1 3 12150 10220
3acb6c1236d89bb1 3 10800 10220
3acb6c1236d89bb1 1 8100 8760
3acb6c1236d89bb1 1 9450 8760
3acb6c1236d89bb1 1 8100 8760
3acb6c1236d89bb1 1 9450 8760
3acb6c1236d89bb1 3 9450 10220
3acb6c1236d89bb1 3 10800 10220
3acb6c1236d89bb1 1 8100 8760
3acb6c1236d89bb1 1 9238 8760
3acb6c1236d89bb1 3 9450 10220
3acb6c1236d89bb1 3 10800 10220
3acb6c1236d89bb1 1 7888 8760
3acb6c1236d89bb1 1 9238 8760
3acb6c1236d89bb1 3 9450 10220
3acb6c1236d89bb1 3 10800 10220
3acb6c1236d89bb1 1 7888 8760
3acb6c1236d89bb1 1 9238 8760
3acb6c1236d89bb1 3 9450 10220
3acb6c1236d89bb1 3 10800 10220
3acb6c1236d89bb1 3 10800 10220
3acb6c1236d89bb1 1 7888 8760
3acb6c1236d89bb1 1 9238 8760
3acb6c1236d89bb1 3 9450 10220
3acb6c1236d89bb1 3 10800 10220
3acb6c1236d89bb1 3 9450 10220
3acb6c1236d89bb1 3 10800 10220
3acb6c1236d89bb1 1 8100 8760
3acb6c1236d89bb1 1 9450 8760
3acb6c1236d89bb1 3 9450 10220
3acb6c1236d89bb1 3 10800 10220
3acb6c1236d89bb1 1 8100 8760
3acb6c1236d89bb1 1 9450 8760
3acb6c1236d89bb1 3 9450 10220
3acb6c1236d89bb1 3 10800 10220
3acb6c1236d89bb1 1 7873 10220
3acb6c1236d89bb1 1 9223 10220
3acb6c1236d89bb1 1 10573 10220
3acb6c1236d89bb1 3 9450 10220
3acb6c1236d89bb1 3 10800 10220
3acb6c1236d89bb1 1 9223 10220
3acb6c1236d89bb1 1 10573 10220
3acb6c1236d89bb1 3 9450 10220
3acb6c1236d89bb1 3 10800 10220
3acb6c1236d89bb1 1 9223 10220
3acb6c1236d89bb1 1 10573 10220
3acb6c1236d89bb1 3 9450 10220
3acb6c1236d89bb1 3 10800 10220
3acb6c1236d89bb1 3 9450 10220
3acb6c1236d89bb1 3 10800 10220
3acb6c1236d89bb1 1 9450 10220
3acb6c1236d89bb1 1 10800 10220
3acb6c1236d89bb1 1 9450 10220
3acb6c1236d89bb1 1 10800 10220
3acb6c1236d89bb1 3 9450 10220
3acb6c1236d89bb1 3 10800 10220
3acb6c1236d89bb1 1 9450 10220
3acb6c1236d89bb1 1 10800 10220
3acb6c1236d89bb1 1 8100 7300
3acb6c1236d89bb1 3 9450 10220
3acb6c1236d89bb1 3 10800 10220
3acb6c1236d89bb1 1 6536 7300
3acb6c1236d89bb1 1 7886 7300
3acb6c1236d89bb1 3 9450 10220
3acb6c1236d89bb1 3 10800 10220
3acb6c1236d89bb1 3 9450 10220
3acb6c1236d89bb1 3 10800 10220
3acb6c1236d89bb1 1 6536 7300
3acb6c1236d89bb1 1 7886 7300
3acb6c1236d89bb1 3 9450 10220
3acb6c1236d89bb1 3 10800 10220
3acb6c1236d89bb1 1 6536 7300
3acb6c1236d89bb1 1 7886 7300
3acb6c1236d89bb1 3 10800 10220
3acb6c1236d89bb1 3 9450 10220
3acb6c1236d89bb1 3 10800 10220
3acb6c1236d89bb1 1 6750 7300
3acb6c1236d89bb1 1 8100 7300
3acb6c1236d89bb1 3 9450 10220
3acb6c1236d89bb1 3 10800 10220
3acb6c1236d89bb1 1 6750 7300
3acb6c1236d89bb1 1 8100 7300
3acb6c1236d89bb1 3 9450 10220
3acb6c1236d89bb1 3 10800 10220
3acb6c1236d89bb1 3 9450 10220
3acb6c1236d89bb1 3 10800 10220
3acb6c1236d89bb1 1 6750 7300
3acb6c1236d89bb1 1 7863 7300
3acb6c1236d89bb1 1 6513 7300
3acb6c1236d89bb1 1 7863 7300
3acb6c1236d89bb1 3 9450 10220
3acb6c1236d89bb1 3 10800 10220
3acb6c1236d89bb1 1 6513 7300
3acb6c1236d89bb1 1 7863 7300
3acb6c1236d89bb1 1 9213 7300
3acb6c1236d89bb1 3 8100 7300
3acb6c1236d89bb1 3 6750 7300
3acb6c1236d89bb1 3 8100 7300
3acb6c1236d89bb1 3 6750 7300
3acb6c1236d89bb1 3 8100 7300
3acb6c1236d89bb1 1 8100 8760
3acb6c1236d89bb1 1 9450 8760
3acb6c1236d89bb1 1 8100 8760
3acb6c1236d89bb1 1 9450 8760
3acb6c1236d89bb1 3 6750 7300
3acb6c1236d89bb1 3 8100 7300
3acb6c1236d89bb1 3 6750 8760
3acb6c1236d89bb1 3 8100 8760
3acb6c1236d89bb1 3 9450 8760
3acb6c1236d89bb1 1 8100 8760
3acb6c1236d89bb1 1 9450 8760
3acb6c1236d89bb1 3 9450 8760
3acb6c1236d89bb1 3 8100 8760
3acb6c1236d89bb1 3 9450 8760
3acb6c1236d89bb1 1 7885 8760
3acb6c1236d89bb1 1 9235 8760
3acb6c1236d89bb1 3 8100 8760
3acb6c1236d89bb1 3 9450 8760
3acb6c1236d89bb1 3 10800 8760
3acb6c1236d89bb1 1 7885 7300
3acb6c1236d89bb1 3 9450 8760
3acb6c1236d89bb1 1 6535 7300
3acb6c1236d89bb1 1 7885 7300
3acb6c1236d89bb1 3 9450 8760
3acb6c1236d89bb1 3 8100 8760
3acb6c1236d89bb1 3 9450 8760
3acb6c1236d89bb1 3 8100 8760
3acb6c1236d89bb1 3 9450 8760
3acb6c1236d89bb1 1 6750 7300
3acb6c1236d89bb1 1 8100 7300
3acb6c1236d89bb1 3 8100 8760
3acb6c1236d89bb1 3 9450 8760
3acb6c1236d89bb1 1 6750 7300
3acb6c1236d89bb1 1 8100 7300
3acb6c1236d89bb1 3 9450 8760
3acb6c1236d89bb1 1 6750 7300
3acb6c1236d89bb1 1 8100 7300
3acb6c1236d89bb1 3 8100 8760
3acb6c1236d89bb1 3 9450 8760
3acb6c1236d89bb1 3 8100 7300
3acb6c1236d89bb1 3 6750 7300
3acb6c1236d89bb1 3 8100 7300
3acb6c1236d89bb1 1 6750 7300
3acb6c1236d89bb1 1 7886 7300
3acb6c1236d89bb1 1 6536 7300
3acb6c1236d89bb1 1 7886 7300
3acb6c1236d89bb1 1 6536 8760
3acb6c1236d89bb1 1 7886 8760
3acb6c1236d89bb1 1 9236 8760
3acb6c1236d89bb1 3 6750 7300
3acb6c1236d89bb1 3 8100 7300
3acb6c1236d89bb1 3 6750 7300
3acb6c1236d89bb1 3 8100 7300
3acb6c1236d89bb1 3 6750 7300
3acb6c1236d89bb1 3 8100 7300
3acb6c1236d89bb1 1 8100 8760
3acb6c1236d89bb1 1 9450 8760
3acb6c1236d89bb1 1 8100 8760
3acb6c1236d89bb1 1 9450 8760
3acb6c1236d89bb1 3 6750 8760
3acb6c1236d89bb1 3 8100 8760
3acb6c1236d89bb1 3 9450 8760
3acb6c1236d89bb1 1 8100 8760
3acb6c1236d89bb1 1 9450 8760
3acb6c1236d89bb1 3 8100 8760
3acb6c1236d89bb1 3 9450 8760
3acb6c1236d89bb1 3 8100 8760
3acb6c1236d89bb1 3 9450 8760
3acb6c1236d89bb1 1 7873 8760
3acb6c1236d89bb1 1 9223 8760
3acb6c1236d89bb1 1 7873 8760
3acb6c1236d89bb1 1 9223 8760
3acb6c1236d89bb1 3 8100 8760
3acb6c1236d89bb1 3 9450 8760
3acb6c1236d89bb1 1 7873 8760
3acb6c1236d89bb1 1 9223 8760
3acb6c1236d89bb1 3 8100 8760
3acb6c1236d89bb1 3 9450 8760
3acb6c1236d89bb1 3 8100 8760
3acb6c1236d89bb1 3 9450 8760
3acb6c1236d89bb1 1 8100 8760
3acb6c1236d89bb1 1 9450 8760
3acb6c1236d89bb1 3 9450 8760
3acb6c1236d89bb1 1 8100 8760
3acb6c1236d89bb1 1 9450 8760
3acb6c1236d89bb1 3 8100 8760
3acb6c1236d89bb1 3 9450 8760
3acb6c1236d89bb1 1 8100 8760
3acb6c1236d89bb1 1 9450 8760
3acb6c1236d89bb1 3 8100 8760
3acb6c1236d89bb1 3 9450 8760
3acb6c1236d89bb1 3 9450 8760
3acb6c1236d89bb1 3 8100 8760
3acb6c1236d89bb1 3 9450 8760
3acb6c1236d89bb1 1 8100 8760
3acb6c1236d89bb1 1 9225 8760
3acb6c1236d89bb1 1 7875 8760
3acb6c1236d89bb1 1 9225 8760
3acb6c1236d89bb1 1 7875 8760
3acb6c1236d89bb1 1 9225 8760
3acb6c1236d89bb1 3 8100 8760
3acb6c1236d89bb1 3 9450 8760
3acb6c1236d89bb1 3 8100 7300
3acb6c1236d89bb1 3 6750 7300
3acb6c1236d89bb1 3 8100 7300
3acb6c1236d89bb1 1 7875 8760
3acb6c1236d89bb1 1 9225 8760
3acb6c1236d89bb1 1 8100 8760
3acb6c1236d89bb1 1 9450 8760
3acb6c1236d89bb1 3 6750 7300
3acb6c1236d89bb1 3 8100 7300
3acb6c1236d89bb1 1 8100 8760
3acb6c1236d89bb1 1 9450 8760
3acb6c1236d89bb1 3 6750 7300
3acb6c1236d89bb1 3 8100 7300
3acb6c1236d89bb1 3 6750 8760
3acb6c1236d89bb1 3 8100 8760
3acb6c1236d89bb1 3 9450 8760
3acb6c1236d89bb1 1 8100 8760
3acb6c1236d89bb1 1 9450 8760
3acb6c1236d89bb1 1 8100 8760
3acb6c1236d89bb1 1 9450 8760
3acb6c1236d89bb1 3 7906 8760
3acb6c1236d89bb1 3 9256 8760
3acb6c1236d89bb1 1 8100 8760
3acb6c1236d89bb1 1 9450 8760
3acb6c1236d89bb1 3 7906 8760
3acb6c1236d89bb1 3 9256 8760
3acb6c1236d89bb1 3 7906 8760
3acb6c1236d89bb1 3 9256 8760
3acb6c1236d89bb1 1 8100 8760
3acb6c1236d89bb1 1 9450 8760
3acb6c1236d89bb1 1 8100 10220
3acb6c1236d89bb1 1 9450 10220
3acb6c1236d89bb1 1 10800 10220
3acb6c1236d89bb1 3 8100 8760
3acb6c1236d89bb1 3 9450 8760
3acb6c1236d89bb1 3 9450 8760
3acb6c1236d89bb1 1 9450 10220
3acb6c1236d89bb1 1 10800 10220
3acb6c1236d89bb1 3 8100 8760
3acb6c1236d89bb1 3 9450 8760
3acb6c1236d89bb1 3 8100 8760
3acb6c1236d89bb1 3 9450 8760
3acb6c1236d89bb1 3 8100 10220
3acb6c1236d89bb1 3 9450 10220
3acb6c1236d89bb1 3 10800 10220
3acb6c1236d89bb1 1 9450 10220
3acb6c1236d89bb1 1 10563 10220
3acb6c1236d89bb1 3 12150 10220
3acb6c1236d89bb1 3 10800 10220
3acb6c1236d89bb1 3 10800 10220
3acb6c1236d89bb1 3 12150 10220
3acb6c1236d89bb1 1 5163 7300
3acb6c1236d89bb1 1 6513 7300
3acb6c1236d89bb1 1 7863 7300
3acb6c1236d89bb1 3 12150 7300
3acb6c1236d89bb1 1 6513 7300
3acb6c1236d89bb1 1 7863 7300
3acb6c1236d89bb1 1 6750 7300
3acb6c1236d89bb1 1 8100 7300
3acb6c1236d89bb1 1 6750 7300
3acb6c1236d89bb1 1 8100 7300
3acb6c1236d89bb1 3 4050 7300
3acb6c1236d89bb1 3 5400 7300
3acb6c1236d89bb1 3 6750 7300
3acb6c1236d89bb1 3 8100 7300
3acb6c1236d89bb1 3 6750 7300
3acb6c1236d89bb1 3 8100 7300
3acb6c1236d89bb1 3 8100 7300
3acb6c1236d89bb1 1 6750 7300
3acb6c1236d89bb1 1 8100 7300
3acb6c1236d89bb1 3 6750 7300
3acb6c1236d89bb1 3 8100 7300
3acb6c1236d89bb1 1 6750 7300
3acb6c1236d89bb1 1 8100 7300
3acb6c1236d89bb1 3 6750 7300
3acb6c1236d89bb1 3 8100 7300
3acb6c1236d89bb1 1 6750 7300
3acb6c1236d89bb1 1 8100 7300
3acb6c1236d89bb1 3 8100 7300
3acb6c1236d89bb1 3 6594 7300
3acb6c1236d89bb1 3 7944 7300
3acb6c1236d89bb1 1 6750 7300
3acb6c1236d89bb1 1 8100 7300
3acb6c1236d89bb1 3 6594 7300
3acb6c1236d89bb1 3 7944 7300
3acb6c1236d89bb1 1 6750 7300
3acb6c1236d89bb1 1 8100 7300
3acb6c1236d89bb1 3 6594 7300
3acb6c1236d89bb1 3 7944 7300
3acb6c1236d89bb1 1 6750 7300
3acb6c1236d89bb1 1 8100 7300
3acb6c1236d89bb1 3 6750 7300
3acb6c1236d89bb1 3 8100 7300
3acb6c1236d89bb1 3 8100 7300
3acb6c1236d89bb1 3 6750 7300
3acb6c1236d89bb1 3 8100 7300
3acb6c1236d89bb1 1 6750 7300
3acb6c1236d89bb1 1 8100 7300
3acb6c1236d89bb1 3 6750 8760
3acb6c1236d89bb1 3 8100 8760
3acb6c1236d89bb1 3 9450 8760
3acb6c1236d89bb1 1 6750 8760
3acb6c1236d89bb1 1 8100 8760
3acb6c1236d89bb1 1 9450 8760
3acb6c1236d89bb1 1 8100 8760
3acb6c1236d89bb1 1 9203 8760
3acb6c1236d89bb1 3 8100 8760
3acb6c1236d89bb1 3 9450 8760
3acb6c1236d89bb1 3 9450 8760
3acb6c1236d89bb1 3 8100 8760
3acb6c1236d89bb1 3 9450 8760
3acb6c1236d89bb1 1 7853 8760
3acb6c1236d89bb1 1 9203 8760
3acb6c1236d89bb1 3 8100 8760
3acb6c1236d89bb1 3 9450 8760
3acb6c1236d89bb1 1 7853 8760
3acb6c1236d89bb1 1 9203 8760
3acb6c1236d89bb1 1 7853 8760
3acb6c1236d89bb1 1 9203 8760
3acb6c1236d89bb1 3 8100 8760
3acb6c1236d89bb1 3 9450 8760
3acb6c1236d89bb1 3 8100 8760
3acb6c1236d89bb1 3 9450 8760
3acb6c1236d89bb1 1 8100 8760
3acb6c1236d89bb1 1 9450 8760
3acb6c1236d89bb1 3 8100 8760
3acb6c1236d89bb1 3 9450 8760
3acb6c1236d89bb1 1 8100 8760
3acb6c1236d89bb1 1 9450 8760
3acb6c1236d89bb1 1 8100 8760
3acb6c1236d89bb1 1 9450 8760
3acb6c1236d89bb1 3 7873 8760
3acb6c1236d89bb1 3 9223 8760
3acb6c1236d89bb1 3 7873 8760
3acb6c1236d89bb1 3 9223 8760
3acb6c1236d89bb1 1 8100 8760
3acb6c1236d89bb1 1 9450 8760
3acb6c1236d89bb1 3 7873 8760
3acb6c1236d89bb1 3 9223 8760
3acb6c1236d89bb1 1 8100 8760
3acb6c1236d89bb1 1 9450 8760
3acb6c1236d89bb1 3 8100 8760
3acb6c1236d89bb1 3 9450 8760
3acb6c1236d89bb1 1 8100 8760
3acb6c1236d89bb1 1 9450 8760
3acb6c1236d89bb1 3 8100 8760
3acb6c1236d89bb1 3 9450 8760
3acb6c1236d89bb1 3 8100 10220
3acb6c1236d89bb1 3 9450 10220
3acb6c1236d89bb1 3 10800 10220
3acb6c1236d89bb1 3 12150 10220
3acb6c1236d89bb1 1 8100 7300
3acb6c1236d89bb1 1 6750 7300
3acb6c1236d89bb1 1 8100 7300
3acb6c1236d89bb1 3 10800 10220
3acb6c1236d89bb1 1 6750 7300
3acb6c1236d89bb1 1 8100 7300
3acb6c1236d89bb1 3 9248 10220
3acb6c1236d89bb1 3 10598 10220
3acb6c1236d89bb1 3 9248 10220
3acb6c1236d89bb1 3 10598 10220
3acb6c1236d89bb1 1 6750 7300
3acb6c1236d89bb1 1 8100 7300
3acb6c1236d89bb1 1 6750 8760
3acb6c1236d89bb1 1 8100 8760
3acb6c1236d89bb1 1 9450 8760
3acb6c1236d89bb1 3 6548 7300
3acb6c1236d89bb1 3 7898 7300
3acb6c1236d89bb1 1 8100 8760
3acb6c1236d89bb1 1 9450 8760
3acb6c1236d89bb1 3 6750 7300
3acb6c1236d89bb1 3 8100 7300
3acb6c1236d89bb1 3 6750 7300
3acb6c1236d89bb1 3 8100 7300
3acb6c1236d89bb1 1 8100 8760
3acb6c1236d89bb1 1 9450 8760
3acb6c1236d89bb1 1 8100 8760
3acb6c1236d89bb1 1 9450 8760
3acb6c1236d89bb1 3 6750 7300
3acb6c1236d89bb1 3 8100 7300
3acb6c1236d89bb1 1 8100 8760
3acb6c1236d89bb1 1 9450 8760
3acb6c1236d89bb1 3 8100 7300
3acb6c1236d89bb1 3 6750 7300
3acb6c1236d89bb1 3 8100 7300
3acb6c1236d89bb1 3 6543 7300
3acb6c1236d89bb1 3 7893 7300
3acb6c1236d89bb1 1 8100 8760
3acb6c1236d89bb1 1 9450 8760
3acb6c1236d89bb1 1 8100 8760
3acb6c1236d89bb1 1 9450 8760
3acb6c1236d89bb1 3 6543 7300
3acb6c1236d89bb1 3 7893 7300
3acb6c1236d89bb1 1 8100 8760
3acb6c1236d89bb1 1 9450 8760
3acb6c1236d89bb1 3 6543 7300
3acb6c1236d89bb1 3 7893 7300
3acb6c1236d89bb1 3 6750 7300
3acb6c1236d89bb1 3 8100 7300
3acb6c1236d89bb1 1 8100 8760
3acb6c1236d89bb1 1 9450 8760
3acb6c1236d89bb1 1 8100 8760
3acb6c1236d89bb1 1 9450 8760
3acb6c1236d89bb1 3 6750 8760
3acb6c1236d89bb1 3 8100 8760
3acb6c1236d89bb1 3 9450 8760
3acb6c1236d89bb1 1 8100 8760
3acb6c1236d89bb1 1 9450 8760
3acb6c1236d89bb1 3 8100 8760
3acb6c1236d89bb1 3 9450 8760
3acb6c1236d89bb1 3 7863 8760
3acb6c1236d89bb1 3 9213 8760
3acb6c1236d89bb1 1 8100 8760
3acb6c1236d89bb1 1 9450 8760
3acb6c1236d89bb1 3 10563 8760
3acb6c1236d89bb1 1 8100 7300
3acb6c1236d89bb1 3 9213 8760
3acb6c1236d89bb1 1 6750 7300
3acb6c1236d89bb1 1 8100 7300
3acb6c1236d89bb1 3 7863 8760
3acb6c1236d89bb1 3 9213 8760
3acb6c1236d89bb1 3 8100 8760
3acb6c1236d89bb1 3 9450 8760
3acb6c1236d89bb1 1 6750 7300
3acb6c1236d89bb1 1 8100 7300
3acb6c1236d89bb1 1 6750 7300
3acb6c1236d89bb1 1 8100 7300
3acb6c1236d89bb1 3 8100 8760
3acb6c1236d89bb1 3 9450 8760
3acb6c1236d89bb1 1 6750 8760
3acb6c1236d89bb1 1 8100 8760
3acb6c1236d89bb1 1 9450 8760
3acb6c1236d89bb1 3 9450 8760
3acb6c1236d89bb1 3 8100 8760
3acb6c1236d89bb1 3 9450 8760
3acb6c1236d89bb1 3 8100 7300
3acb6c1236d89bb1 1 8100 8760
3acb6c1236d89bb1 1 9450 8760
3acb6c1236d89bb1 1 7911 8760
3acb6c1236d89bb1 1 9261 8760
3acb6c1236d89bb1 3 6750 7300
3acb6c1236d89bb1 3 8100 7300
3acb6c1236d89bb1 3 8100 7300
3acb6c1236d89bb1 1 7911 8760
3acb6c1236d89bb1 1 9261 8760
3acb6c1236d89bb1 3 6750 7300
3acb6c1236d89bb1 3 8100 7300
3acb6c1236d89bb1 1 7911 8760
3acb6c1236d89bb1 1 9261 8760
3acb6c1236d89bb1 3 8100 7300
3acb6c1236d89bb1 3 6750 7300
3acb6c1236d89bb1 3 8100 7300
3acb6c1236d89bb1 1 8100 8760
3acb6c1236d89bb1 1 9450 8760
3acb6c1236d89bb1 3 6750 7300
3acb6c1236d89bb1 3 8100 7300
3acb6c1236d89bb1 1 8100 8760
3acb6c1236d89bb1 1 9450 8760
3acb6c1236d89bb1 3 6750 8760
3acb6c1236d89bb1 3 8100 8760
3acb6c1236d89bb1 3 9450 8760
3acb6c1236d89bb1 1 8100 8760
3acb6c1236d89bb1 1 9450 8760
3acb6c1236d89bb1 3 9450 8760
3acb6c1236d89bb1 1 8100 8760
3acb6c1236d89bb1 1 9450 8760
3acb6c1236d89bb1 3 7883 8760
3acb6c1236d89bb1 3 9233 8760
3acb6c1236d89bb1 1 8100 8760
3acb6c1236d89bb1 1 9450 8760
3acb6c1236d89bb1 3 7883 8760
3acb6c1236d89bb1 3 9233 8760
3acb6c1236d89bb1 3 7883 8760
3acb6c1236d89bb1 3 9233 8760
3acb6c1236d89bb1 1 8100 8760
3acb6c1236d89bb1 1 9450 8760
3acb6c1236d89bb1 1 10800 8760
3acb6c1236d89bb1 3 6750 7300
3acb6c1236d89bb1 3 8100 7300
3acb6c1236d89bb1 1 9450 8760
3acb6c1236d89bb1 3 6750 7300
3acb6c1236d89bb1 3 8100 7300
3acb6c1236d89bb1 1 8100 8760
3acb6c1236d89bb1 1 9450 8760
3acb6c1236d89bb1 3 6750 7300
3acb6c1236d89bb1 3 8100 7300
3acb6c1236d89bb1 3 9450 7300
3acb6c1236d89bb1 1 8100 7300
3acb6c1236d89bb1 3 8100 7300
3acb6c1236d89bb1 1 6750 7300
3acb6c1236d89bb1 1 8100 7300
3acb6c1236d89bb1 3 6750 7300
3acb6c1236d89bb1 3 8100 7300
3acb6c1236d89bb1 1 6546 7300
3acb6c1236d89bb1 1 7896 7300
3acb6c1236d89bb1 3 6750 7300
3acb6c1236d89bb1 3 8100 7300
3acb6c1236d89bb1 1 6546 7300
3acb6c1236d89bb1 1 7896 7300
3acb6c1236d89bb1 3 8100 7300
3acb6c1236d89bb1 3 6750 7300
3acb6c1236d89bb1 3 8100 7300
3acb6c1236d89bb1 1 6546 7300
3acb6c1236d89bb1 1 7896 7300
3acb6c1236d89bb1 1 6750 7300
3acb6c1236d89bb1 1 8100 7300
3acb6c1236d89bb1 3 6750 7300
3acb6c1236d89bb1 3 8100 7300
3acb6c1236d89bb1 3 6750 7300
3acb6c1236d89bb1 3 8100 7300
3acb6c1236d89bb1 1 6750 7300
3acb6c1236d89bb1 1 8100 7300
3acb6c1236d89bb1 3 8100 7300
3acb6c1236d89bb1 1 6750 7300
3acb6c1236d89bb1 1 8100 7300
3acb6c1236d89bb1 3 5400 5840
3acb6c1236d89bb1 3 6750 5840
3acb6c1236d89bb1 1 6750 7300
3acb6c1236d89bb1 1 8100 7300
3acb6c1236d89bb1 3 5400 5840
3acb6c1236d89bb1 3 6750 5840
3acb6c1236d89bb1 1 6538 7300
3acb6c1236d89bb1 1 7888 7300
3acb6c1236d89bb1 1 6538 7300
3acb6c1236d89bb1 1 7888 7300
3acb6c1236d89bb1 3 5400 7300
3acb6c1236d89bb1 3 6750 7300
3acb6c1236d89bb1 3 8100 7300
3acb6c1236d89bb1 3 6750 7300
3acb6c1236d89bb1 3 8100 7300
3acb6c1236d89bb1 1 6538 7300
3acb6c1236d89bb1 1 7888 7300
3acb6c1236d89bb1 1 6750 7300
3acb6c1236d89bb1 1 8100 7300
3acb6c1236d89bb1 3 6750 7300
3acb6c1236d89bb1 3 8100 7300
3acb6c1236d89bb1 1 6750 7300
3acb6c1236d89bb1 1 8100 7300
