Serving new connection: 5acaab954d9ec454, version 512 from 10.0.0.1:37044
5acaab954d9ec454 0 0 46720
5acaab954d9ec454 0 242 46720
5acaab954d9ec454 0 242 46720
5acaab954d9ec454 0 1542 46720
5acaab954d9ec454 0 1688 46720
5acaab954d9ec454 0 0 46720
5acaab954d9ec454 0 231 46720
5acaab954d9ec454 1 0 46720
5acaab954d9ec454 3 0 46720
5acaab954d9ec454 0 0 46720
GET 10.1.0.1:6121/random
Responding with 200
5acaab954d9ec454 3 91 46720
5acaab954d9ec454 1 91 46720
5acaab954d9ec454 3 127 46720
5acaab954d9ec454 1 127 46720
5acaab954d9ec454 3 1477 46720
5acaab954d9ec454 1 1477 46720
5acaab954d9ec454 3 2827 46720
5acaab954d9ec454 1 2827 46720
5acaab954d9ec454 3 4177 46720
5acaab954d9ec454 1 4177 46720
5acaab954d9ec454 3 5527 46720
5acaab954d9ec454 1 5527 46720
5acaab954d9ec454 3 6877 46720
5acaab954d9ec454 1 6877 46720
5acaab954d9ec454 1 8227 46720
5acaab954d9ec454 3 8227 46720
5acaab954d9ec454 3 9577 46720
5acaab954d9ec454 1 9577 46720
5acaab954d9ec454 3 10927 46720
5acaab954d9ec454 1 10927 46720
5acaab954d9ec454 3 12277 46720
5acaab954d9ec454 1 12277 46720
5acaab954d9ec454 3 13627 46720
5acaab954d9ec454 1 13627 46720
5acaab954d9ec454 3 14977 46720
5acaab954d9ec454 1 14977 46720
5acaab954d9ec454 1 16327 46720
5acaab954d9ec454 3 16327 46720
5acaab954d9ec454 3 17677 46720
5acaab954d9ec454 1 17677 46720
5acaab954d9ec454 3 19027 46720
5acaab954d9ec454 1 19027 46720
5acaab954d9ec454 3 20377 46720
5acaab954d9ec454 1 20377 46720
5acaab954d9ec454 3 21727 46720
5acaab954d9ec454 1 21727 46720
5acaab954d9ec454 3 23077 46720
5acaab954d9ec454 1 23077 46720
5acaab954d9ec454 1 24427 46720
5acaab954d9ec454 3 24427 46720
5acaab954d9ec454 3 25777 46720
5acaab954d9ec454 1 25777 46720
5acaab954d9ec454 3 27127 46720
5acaab954d9ec454 1 27127 46720
5acaab954d9ec454 3 28477 46720
5acaab954d9ec454 1 28477 46720
5acaab954d9ec454 3 29827 46720
5acaab954d9ec454 1 29827 46720
5acaab954d9ec454 3 31177 46720
5acaab954d9ec454 1 31177 46720
5acaab954d9ec454 1 32527 46720
5acaab954d9ec454 3 32527 46720
5acaab954d9ec454 3 33593 46720
5acaab954d9ec454 1 33598 46720
5acaab954d9ec454 3 33593 46720
5acaab954d9ec454 1 29421 54020
5acaab954d9ec454 1 28071 55480
5acaab954d9ec454 1 29421 55480
5acaab954d9ec454 1 30771 55480
5acaab954d9ec454 1 32121 55480
5acaab954d9ec454 1 33471 55480
5acaab954d9ec454 1 34821 55480
5acaab954d9ec454 1 36171 55480
5acaab954d9ec454 1 37521 55480
5acaab954d9ec454 1 38871 55480
5acaab954d9ec454 1 40221 55480
5acaab954d9ec454 1 41571 55480
5acaab954d9ec454 1 42921 55480
5acaab954d9ec454 1 44271 55480
5acaab954d9ec454 1 45621 55480
5acaab954d9ec454 1 46971 55480
5acaab954d9ec454 1 48321 55480
5acaab954d9ec454 1 49671 55480
5acaab954d9ec454 1 50893 55480
5acaab954d9ec454 1 25522 48180
5acaab954d9ec454 1 26872 48180
5acaab954d9ec454 1 28013 48180
5acaab954d9ec454 1 25313 48180
5acaab954d9ec454 3 1350 46720
5acaab954d9ec454 3 2700 46720
5acaab954d9ec454 3 4050 46720
5acaab954d9ec454 3 5400 46720
5acaab954d9ec454 3 6750 46720
5acaab954d9ec454 3 8100 46720
5acaab954d9ec454 3 9450 46720
5acaab954d9ec454 3 10800 46720
5acaab954d9ec454 3 12150 46720
5acaab954d9ec454 3 13500 46720
5acaab954d9ec454 3 14850 46720
5acaab954d9ec454 3 16200 46720
5acaab954d9ec454 3 16758 46720
5acaab954d9ec454 3 16787 46720
5acaab954d9ec454 3 14087 46720
5acaab954d9ec454 1 1350 40880
5acaab954d9ec454 1 2700 40880
5acaab954d9ec454 1 4050 40880
5acaab954d9ec454 1 5400 40880
5acaab954d9ec454 1 6750 40880
5acaab954d9ec454 1 8100 40880
5acaab954d9ec454 1 9450 40880
5acaab954d9ec454 1 10800 40880
5acaab954d9ec454 1 12150 40880
5acaab954d9ec454 1 13500 40880
5acaab954d9ec454 1 14492 40880
5acaab954d9ec454 1 14492 40880
5acaab954d9ec454 1 14528 40880
5acaab954d9ec454 3 3287 46720
5acaab954d9ec454 1 12612 40880
5acaab954d9ec454 1 12641 40880
5acaab954d9ec454 3 3287 46720
5acaab954d9ec454 1 8591 40880
5acaab954d9ec454 1 9941 40880
5acaab954d9ec454 1 10525 40880
5acaab954d9ec454 3 1350 39420
5acaab954d9ec454 3 2700 39420
5acaab954d9ec454 3 4050 39420
5acaab954d9ec454 3 5400 39420
5acaab954d9ec454 3 6750 39420
5acaab954d9ec454 3 8100 39420
5acaab954d9ec454 3 9450 39420
5acaab954d9ec454 3 10800 39420
5acaab954d9ec454 3 12150 39420
5acaab954d9ec454 3 13500 39420
5acaab954d9ec454 3 14850 39420
5acaab954d9ec454 3 15971 39420
5acaab954d9ec454 3 17321 39420
5acaab954d9ec454 3 18671 39420
5acaab954d9ec454 3 20021 39420
5acaab954d9ec454 3 21371 39420
5acaab954d9ec454 3 22721 39420
5acaab954d9ec454 3 24071 39420
5acaab954d9ec454 3 24797 39420
5acaab954d9ec454 3 24826 39420
5acaab954d9ec454 3 25818 39420
5acaab954d9ec454 1 3313 33580
5acaab954d9ec454 3 25818 39420
5acaab954d9ec454 1 1350 33580
5acaab954d9ec454 1 2700 33580
5acaab954d9ec454 1 4050 33580
5acaab954d9ec454 1 4703 33580
5acaab954d9ec454 1 4732 33580
5acaab954d9ec454 3 25818 39420
5acaab954d9ec454 1 4732 33580
5acaab954d9ec454 3 15018 39420
5acaab954d9ec454 1 1379 33580
5acaab954d9ec454 1 2729 33580
5acaab954d9ec454 1 4079 33580
5acaab954d9ec454 1 5429 33580
5acaab954d9ec454 1 6779 33580
5acaab954d9ec454 1 8129 33580
5acaab954d9ec454 1 9479 33580
5acaab954d9ec454 1 10829 33580
5acaab954d9ec454 1 12179 33580
5acaab954d9ec454 1 13529 33580
5acaab954d9ec454 1 14879 33580
5acaab954d9ec454 1 16229 33580
5acaab954d9ec454 1 17579 33580
5acaab954d9ec454 1 18929 33580
5acaab954d9ec454 1 20022 33580
5acaab954d9ec454 1 21372 33580
5acaab954d9ec454 1 22722 33580
5acaab954d9ec454 1 24072 33580
5acaab954d9ec454 1 25422 33580
5acaab954d9ec454 1 26772 33580
5acaab954d9ec454 1 28122 33580
5acaab954d9ec454 1 29472 33580
5acaab954d9ec454 1 30822 33580
5acaab954d9ec454 1 32172 33580
5acaab954d9ec454 1 33522 33580
5acaab954d9ec454 1 34872 33580
5acaab954d9ec454 3 13668 39420
5acaab954d9ec454 3 15018 39420
5acaab954d9ec454 3 16368 39420
5acaab954d9ec454 3 17718 39420
5acaab954d9ec454 3 19068 39420
5acaab954d9ec454 3 20418 39420
5acaab954d9ec454 3 21768 39420
5acaab954d9ec454 3 23118 39420
5acaab954d9ec454 3 24468 39420
5acaab954d9ec454 3 25818 39420
5acaab954d9ec454 3 27168 39420
5acaab954d9ec454 3 28498 39420
5acaab954d9ec454 3 28527 39420
5acaab954d9ec454 1 34843 33580
5acaab954d9ec454 3 14859 32120
5acaab954d9ec454 3 16209 32120
5acaab954d9ec454 3 17559 32120
5acaab954d9ec454 3 18909 32120
5acaab954d9ec454 3 20259 32120
5acaab954d9ec454 3 21609 32120
5acaab954d9ec454 3 22959 32120
5acaab954d9ec454 3 24309 32120
5acaab954d9ec454 3 24541 32120
5acaab954d9ec454 1 32143 33580
5acaab954d9ec454 3 21841 32120
5acaab954d9ec454 1 25393 33580
5acaab954d9ec454 1 26743 33580
5acaab954d9ec454 1 28093 33580
5acaab954d9ec454 1 28133 33580
5acaab954d9ec454 1 5440 27740
5acaab954d9ec454 1 6790 27740
5acaab954d9ec454 1 8140 27740
5acaab954d9ec454 1 9490 27740
5acaab954d9ec454 1 10840 27740
5acaab954d9ec454 1 12190 27740
5acaab954d9ec454 1 13540 27740
5acaab954d9ec454 1 14890 27740
5acaab954d9ec454 1 16240 27740
5acaab954d9ec454 1 17590 27740
5acaab954d9ec454 1 18940 27740
5acaab954d9ec454 1 20290 27740
5acaab954d9ec454 1 21640 27740
5acaab954d9ec454 1 22990 27740
5acaab954d9ec454 1 24340 27740
5acaab954d9ec454 1 25586 27740
5acaab954d9ec454 3 9682 32120
5acaab954d9ec454 1 22886 27740
5acaab954d9ec454 1 14746 27740
5acaab954d9ec454 1 14978 27740
5acaab954d9ec454 3 0 26280
5acaab954d9ec454 1 15014 27740
5acaab954d9ec454 1 2968 23360
5acaab954d9ec454 1 4318 23360
5acaab954d9ec454 1 5668 23360
5acaab954d9ec454 1 7018 23360
5acaab954d9ec454 1 8368 23360
5acaab954d9ec454 1 9718 23360
5acaab954d9ec454 1 11068 23360
5acaab954d9ec454 1 12418 23360
5acaab954d9ec454 1 13768 23360
5acaab954d9ec454 1 15014 23360
5acaab954d9ec454 3 0 26280
5acaab954d9ec454 1 13432 23360
5acaab954d9ec454 1 14782 23360
5acaab954d9ec454 1 15905 23360
5acaab954d9ec454 1 17255 23360
5acaab954d9ec454 1 18605 23360
5acaab954d9ec454 1 19955 23360
5acaab954d9ec454 1 21305 23360
5acaab954d9ec454 1 22655 23360
5acaab954d9ec454 1 24005 23360
5acaab954d9ec454 3 1350 26280
5acaab954d9ec454 3 2700 26280
5acaab954d9ec454 3 4050 26280
5acaab954d9ec454 3 5400 26280
5acaab954d9ec454 3 6750 26280
5acaab954d9ec454 3 8100 26280
5acaab954d9ec454 3 9450 26280
5acaab954d9ec454 3 10800 26280
5acaab954d9ec454 3 12150 26280
5acaab954d9ec454 3 13500 26280
5acaab954d9ec454 3 14850 26280
5acaab954d9ec454 3 16200 26280
5acaab954d9ec454 3 17550 26280
5acaab954d9ec454 3 18900 26280
5acaab954d9ec454 3 20250 26280
5acaab954d9ec454 3 21600 26280
5acaab954d9ec454 3 22950 26280
5acaab954d9ec454 3 24300 26280
5acaab954d9ec454 3 25393 26280
5acaab954d9ec454 3 25393 26280
5acaab954d9ec454 3 26743 26280
5acaab954d9ec454 1 22845 24820
5acaab954d9ec454 1 22874 24820
5acaab954d9ec454 1 1379 18980
5acaab954d9ec454 1 2729 18980
5acaab954d9ec454 1 4079 18980
5acaab954d9ec454 1 5429 18980
5acaab954d9ec454 1 6779 18980
5acaab954d9ec454 1 8129 18980
5acaab954d9ec454 1 9479 18980
5acaab954d9ec454 1 10675 18980
5acaab954d9ec454 1 7946 18980
5acaab954d9ec454 1 9296 18980
5acaab954d9ec454 1 10646 18980
5acaab954d9ec454 1 11996 18980
5acaab954d9ec454 1 13346 18980
5acaab954d9ec454 1 14696 18980
5acaab954d9ec454 1 16046 18980
5acaab954d9ec454 1 17396 18980
5acaab954d9ec454 1 18746 18980
5acaab954d9ec454 1 20096 18980
5acaab954d9ec454 3 15943 26280
5acaab954d9ec454 3 17293 26280
5acaab954d9ec454 3 18643 26280
5acaab954d9ec454 3 19993 26280
5acaab954d9ec454 3 21343 26280
5acaab954d9ec454 3 22693 26280
5acaab954d9ec454 3 24043 26280
5acaab954d9ec454 3 25393 26280
5acaab954d9ec454 3 26743 26280
5acaab954d9ec454 1 18746 18980
5acaab954d9ec454 1 20096 18980
5acaab954d9ec454 1 18746 18980
5acaab954d9ec454 1 20096 18980
5acaab954d9ec454 3 26743 26280
5acaab954d9ec454 1 18466 18980
5acaab954d9ec454 1 19816 18980
5acaab954d9ec454 1 21166 18980
5acaab954d9ec454 3 12150 21900
5acaab954d9ec454 3 13500 21900
5acaab954d9ec454 3 14850 21900
5acaab954d9ec454 3 16200 21900
5acaab954d9ec454 3 17550 21900
5acaab954d9ec454 3 18900 21900
5acaab954d9ec454 3 20250 21900
5acaab954d9ec454 3 21600 21900
5acaab954d9ec454 3 22950 21900
5acaab954d9ec454 3 21600 21900
5acaab954d9ec454 3 22950 21900
5acaab954d9ec454 1 18545 18980
5acaab954d9ec454 1 18574 18980
5acaab954d9ec454 3 17550 21900
5acaab954d9ec454 1 4158 16060
5acaab954d9ec454 1 5508 16060
5acaab954d9ec454 1 6858 16060
5acaab954d9ec454 1 8208 16060
5acaab954d9ec454 1 8273 16060
5acaab954d9ec454 1 2765 16060
5acaab954d9ec454 3 6750 21900
5acaab954d9ec454 1 36 16060
5acaab954d9ec454 1 1386 16060
5acaab954d9ec454 1 2736 16060
5acaab954d9ec454 1 4086 16060
5acaab954d9ec454 1 5436 16060
5acaab954d9ec454 1 6786 16060
5acaab954d9ec454 1 6821 16060
5acaab954d9ec454 1 5435 16060
5acaab954d9ec454 1 4085 16060
5acaab954d9ec454 1 5435 16060
5acaab954d9ec454 1 6785 16060
5acaab954d9ec454 1 8135 16060
5acaab954d9ec454 1 9485 16060
5acaab954d9ec454 1 10835 16060
5acaab954d9ec454 1 12185 16060
5acaab954d9ec454 1 13535 16060
5acaab954d9ec454 1 14885 16060
5acaab954d9ec454 1 16235 16060
5acaab954d9ec454 3 1350 17520
5acaab954d9ec454 3 2700 17520
5acaab954d9ec454 3 4050 17520
5acaab954d9ec454 3 5400 17520
5acaab954d9ec454 3 6750 17520
5acaab954d9ec454 3 8100 17520
5acaab954d9ec454 3 9450 17520
5acaab954d9ec454 3 10800 17520
5acaab954d9ec454 3 12150 17520
5acaab954d9ec454 3 13500 17520
5acaab954d9ec454 3 14850 17520
5acaab954d9ec454 3 16200 17520
5acaab954d9ec454 3 17113 17520
5acaab954d9ec454 3 18463 17520
5acaab954d9ec454 1 14885 16060
5acaab954d9ec454 1 16235 16060
5acaab954d9ec454 3 18463 17520
5acaab954d9ec454 3 18463 17520
5acaab954d9ec454 1 16200 16060
5acaab954d9ec454 3 17113 17520
5acaab954d9ec454 3 18463 17520
5acaab954d9ec454 1 14850 16060
5acaab954d9ec454 1 16200 16060
5acaab954d9ec454 3 17113 17520
5acaab954d9ec454 3 18463 17520
5acaab954d9ec454 1 14850 16060
5acaab954d9ec454 1 16200 16060
5acaab954d9ec454 3 17113 17520
5acaab954d9ec454 3 18463 17520
5acaab954d9ec454 1 14850 16060
5acaab954d9ec454 1 16200 16060
5acaab954d9ec454 3 17113 17520
5acaab954d9ec454 3 18463 17520
5acaab954d9ec454 1 14850 16060
5acaab954d9ec454 1 16200 16060
5acaab954d9ec454 1 12150 13140
5acaab954d9ec454 1 13500 13140
5acaab954d9ec454 1 14850 13140
5acaab954d9ec454 3 12150 14600
5acaab954d9ec454 3 13500 14600
5acaab954d9ec454 3 14850 14600
5acaab954d9ec454 3 14850 14600
5acaab954d9ec454 1 13500 13140
5acaab954d9ec454 3 13500 14600
5acaab954d9ec454 3 14850 14600
5acaab954d9ec454 1 12150 13140
5acaab954d9ec454 1 12896 13140
5acaab954d9ec454 1 14246 13140
5acaab954d9ec454 3 12326 14600
5acaab954d9ec454 3 12355 14600
5acaab954d9ec454 1 4796 13140
5acaab954d9ec454 1 6146 13140
5acaab954d9ec454 1 7496 13140
5acaab954d9ec454 1 8846 13140
5acaab954d9ec454 1 10196 13140
5acaab954d9ec454 1 11546 13140
5acaab954d9ec454 1 12896 13140
5acaab954d9ec454 1 14246 13140
5acaab954d9ec454 3 5605 14600
5acaab954d9ec454 3 6955 14600
5acaab954d9ec454 3 8305 14600
5acaab954d9ec454 3 9655 14600
5acaab954d9ec454 3 11005 14600
5acaab954d9ec454 3 12355 14600
5acaab954d9ec454 3 13705 14600
5acaab954d9ec454 3 15055 14600
5acaab954d9ec454 3 15055 14600
5acaab954d9ec454 3 13705 14600
5acaab954d9ec454 3 15055 14600
5acaab954d9ec454 1 13500 13140
5acaab954d9ec454 3 14879 14600
5acaab954d9ec454 1 13500 13140
5acaab954d9ec454 3 14850 14600
5acaab954d9ec454 1 12150 13140
5acaab954d9ec454 1 13500 13140
5acaab954d9ec454 3 13096 14600
5acaab954d9ec454 1 12150 13140
5acaab954d9ec454 1 13500 13140
5acaab954d9ec454 3 14446 14600
5acaab954d9ec454 3 15796 14600
5acaab954d9ec454 3 14446 14600
5acaab954d9ec454 3 15796 14600
5acaab954d9ec454 1 12150 13140
5acaab954d9ec454 1 13500 13140
5acaab954d9ec454 3 14446 14600
5acaab954d9ec454 3 15796 14600
5acaab954d9ec454 1 12150 13140
5acaab954d9ec454 1 13500 13140
5acaab954d9ec454 1 12150 14600
5acaab954d9ec454 1 13500 14600
5acaab954d9ec454 1 14850 14600
5acaab954d9ec454 3 14446 16060
5acaab954d9ec454 3 15796 16060
5acaab954d9ec454 3 17146 16060
5acaab954d9ec454 1 16200 14600
5acaab954d9ec454 3 14446 13140
5acaab954d9ec454 1 14850 14600
5acaab954d9ec454 3 13500 13140
5acaab954d9ec454 1 13500 14600
5acaab954d9ec454 1 13929 14600
5acaab954d9ec454 1 13958 14600
5acaab954d9ec454 3 5400 13140
5acaab954d9ec454 3 1350 13140
5acaab954d9ec454 3 2700 13140
5acaab954d9ec454 3 4050 13140
5acaab954d9ec454 3 4786 13140
5acaab954d9ec454 3 6136 13140
5acaab954d9ec454 3 7486 13140
5acaab954d9ec454 3 8836 13140
5acaab954d9ec454 3 10186 13140
5acaab954d9ec454 3 11536 13140
5acaab954d9ec454 3 12886 13140
5acaab954d9ec454 3 14236 13140
5acaab954d9ec454 1 4508 14600
5acaab954d9ec454 1 5858 14600
5acaab954d9ec454 1 7208 14600
5acaab954d9ec454 1 8558 14600
5acaab954d9ec454 1 9908 14600
5acaab954d9ec454 1 11258 14600
5acaab954d9ec454 1 12608 14600
5acaab954d9ec454 1 13958 14600
5acaab954d9ec454 1 15308 14600
5acaab954d9ec454 3 14236 13140
5acaab954d9ec454 1 13958 16060
5acaab954d9ec454 1 15308 16060
5acaab954d9ec454 1 16658 16060
5acaab954d9ec454 1 16200 16060
5acaab954d9ec454 1 14850 16060
5acaab954d9ec454 1 16200 16060
5acaab954d9ec454 3 12886 13140
5acaab954d9ec454 3 14236 13140
5acaab954d9ec454 1 14850 16060
5acaab954d9ec454 1 15955 16060
5acaab954d9ec454 3 13500 13140
5acaab954d9ec454 1 17305 16060
5acaab954d9ec454 3 12150 13140
5acaab954d9ec454 3 13500 13140
5acaab954d9ec454 1 15955 16060
5acaab954d9ec454 1 17305 16060
5acaab954d9ec454 3 13500 13140
5acaab954d9ec454 3 12150 13140
5acaab954d9ec454 3 13500 13140
5acaab954d9ec454 1 15955 16060
5acaab954d9ec454 1 17305 16060
5acaab954d9ec454 3 12150 13140
5acaab954d9ec454 3 13500 13140
5acaab954d9ec454 1 15955 16060
5acaab954d9ec454 1 17305 16060
5acaab954d9ec454 3 12150 10220
5acaab954d9ec454 3 13500 10220
5acaab954d9ec454 1 11905 13140
5acaab954d9ec454 1 13255 13140
5acaab954d9ec454 1 12150 13140
5acaab954d9ec454 1 13500 13140
5acaab954d9ec454 3 9450 10220
5acaab954d9ec454 3 10800 10220
5acaab954d9ec454 3 9450 10220
5acaab954d9ec454 3 9489 10220
5acaab954d9ec454 3 9518 10220
5acaab954d9ec454 3 2768 10220
5acaab954d9ec454 3 4118 10220
5acaab954d9ec454 3 5468 10220
5acaab954d9ec454 3 6818 10220
5acaab954d9ec454 3 7944 10220
5acaab954d9ec454 3 7944 10220
5acaab954d9ec454 3 9294 10220
5acaab954d9ec454 3 10644 10220
5acaab954d9ec454 1 4050 13140
5acaab954d9ec454 1 5400 13140
5acaab954d9ec454 1 6750 13140
5acaab954d9ec454 1 8100 13140
5acaab954d9ec454 1 9450 13140
5acaab954d9ec454 1 10800 13140
5acaab954d9ec454 1 12150 13140
5acaab954d9ec454 1 13500 13140
5acaab954d9ec454 3 10605 10220
5acaab954d9ec454 1 12150 14600
5acaab954d9ec454 1 13500 14600
5acaab954d9ec454 1 14850 14600
5acaab954d9ec454 1 13500 14600
5acaab954d9ec454 1 14850 14600
5acaab954d9ec454 3 10576 10220
5acaab954d9ec454 3 9226 10220
5acaab954d9ec454 3 10576 10220
5acaab954d9ec454 1 13500 14600
5acaab954d9ec454 1 14850 14600
5acaab954d9ec454 3 9450 10220
5acaab954d9ec454 3 10800 10220
5acaab954d9ec454 1 13500 14600
5acaab954d9ec454 1 14603 14600
5acaab954d9ec454 3 10800 10220
5acaab954d9ec454 3 9450 10220
5acaab954d9ec454 3 10800 10220
5acaab954d9ec454 1 13253 14600
5acaab954d9ec454 1 14603 14600
5acaab954d9ec454 1 13253 14600
5acaab954d9ec454 1 14603 14600
5acaab954d9ec454 3 9450 10220
5acaab954d9ec454 3 10800 10220
5acaab954d9ec454 3 12150 10220
5acaab954d9ec454 3 10800 10220
5acaab954d9ec454 3 9450 10220
5acaab954d9ec454 3 10800 10220
5acaab954d9ec454 1 10553 11680
5acaab954d9ec454 1 11903 11680
5acaab954d9ec454 3 9450 13140
5acaab954d9ec454 3 10780 13140
5acaab954d9ec454 3 10809 13140
5acaab954d9ec454 1 6750 11680
5acaab954d9ec454 3 8109 13140
5acaab954d9ec454 3 6759 13140
5acaab954d9ec454 3 8109 13140
5acaab954d9ec454 3 9459 13140
5acaab954d9ec454 3 10809 13140
5acaab954d9ec454 3 12159 13140
5acaab954d9ec454 3 13509 13140
5acaab954d9ec454 1 5400 11680
5acaab954d9ec454 1 6750 11680
5acaab954d9ec454 1 8100 11680
5acaab954d9ec454 1 9226 11680
5acaab954d9ec454 1 9226 11680
5acaab954d9ec454 1 10576 11680
5acaab954d9ec454 1 11926 11680
5acaab954d9ec454 1 10576 11680
5acaab954d9ec454 1 11926 11680
5acaab954d9ec454 3 12159 13140
5acaab954d9ec454 3 13509 13140
5acaab954d9ec454 3 12179 13140
5acaab954d9ec454 3 13529 13140
5acaab954d9ec454 3 13500 13140
5acaab954d9ec454 1 10576 11680
5acaab954d9ec454 1 11926 11680
5acaab954d9ec454 3 12150 13140
5acaab954d9ec454 3 13500 13140
5acaab954d9ec454 1 10576 11680
5acaab954d9ec454 1 11926 11680
5acaab954d9ec454 3 12150 14600
5acaab954d9ec454 3 13500 14600
5acaab954d9ec454 3 14850 14600
5acaab954d9ec454 1 10800 11680
5acaab954d9ec454 1 12150 11680
5acaab954d9ec454 1 10800 13140
5acaab954d9ec454 1 12150 13140
5acaab954d9ec454 1 13500 13140
5acaab954d9ec454 3 13500 14600
5acaab954d9ec454 3 14603 14600
5acaab954d9ec454 3 14603 14600
5acaab954d9ec454 3 13253 14600
5acaab954d9ec454 3 14603 14600
5acaab954d9ec454 1 12150 13140
5acaab954d9ec454 1 13500 13140
5acaab954d9ec454 1 12150 13140
5acaab954d9ec454 1 13500 13140
5acaab954d9ec454 3 13253 14600
5acaab954d9ec454 3 14603 14600
5acaab954d9ec454 3 13253 14600
5acaab954d9ec454 3 14603 14600
5acaab954d9ec454 3 14603 14600
5acaab954d9ec454 1 12150 13140
5acaab954d9ec454 1 13500 13140
5acaab954d9ec454 3 13253 14600
5acaab954d9ec454 3 14603 14600
5acaab954d9ec454 1 12150 13140
5acaab954d9ec454 1 13500 13140
5acaab954d9ec454 1 12150 13140
5acaab954d9ec454 1 13500 13140
5acaab954d9ec454 3 13253 16060
5acaab954d9ec454 3 14603 16060
5acaab954d9ec454 3 15953 16060
5acaab954d9ec454 3 17303 16060
5acaab954d9ec454 3 16200 16060
5acaab954d9ec454 1 12150 14600
5acaab954d9ec454 1 13253 14600
5acaab954d9ec454 1 14603 14600
5acaab954d9ec454 1 13253 14600
5acaab954d9ec454 1 14603 14600
5acaab954d9ec454 3 14850 16060
5acaab954d9ec454 3 16200 16060
5acaab954d9ec454 3 14850 16060
5acaab954d9ec454 3 16200 16060
5acaab954d9ec454 1 13253 14600
5acaab954d9ec454 1 14603 14600
5acaab954d9ec454 1 13253 14600
5acaab954d9ec454 1 14603 14600
5acaab954d9ec454 3 14850 16060
5acaab954d9ec454 3 16200 16060
5acaab954d9ec454 3 14850 16060
5acaab954d9ec454 3 16200 16060
5acaab954d9ec454 1 13253 14600
5acaab954d9ec454 1 14603 14600
5acaab954d9ec454 1 13500 14600
5acaab954d9ec454 1 14850 14600
5acaab954d9ec454 3 14850 17520
5acaab954d9ec454 3 16200 17520
5acaab954d9ec454 3 17550 17520
5acaab954d9ec454 3 16200 17520
5acaab954d9ec454 3 17550 17520
5acaab954d9ec454 1 13265 16060
5acaab954d9ec454 1 14615 16060
5acaab954d9ec454 1 15965 16060
5acaab954d9ec454 1 17315 16060
5acaab954d9ec454 1 15965 16060
5acaab954d9ec454 1 17315 16060
5acaab954d9ec454 3 16200 17520
5acaab954d9ec454 3 17550 17520
5acaab954d9ec454 3 16200 17520
5acaab954d9ec454 3 17550 17520
5acaab954d9ec454 1 17315 16060
5acaab954d9ec454 1 15965 16060
5acaab954d9ec454 1 17315 16060
5acaab954d9ec454 1 15965 16060
5acaab954d9ec454 1 17315 16060
5acaab954d9ec454 3 16200 17520
5acaab954d9ec454 3 17550 17520
5acaab954d9ec454 3 16200 17520
5acaab954d9ec454 3 17550 17520
5acaab954d9ec454 1 15965 16060
5acaab954d9ec454 1 17315 16060
5acaab954d9ec454 1 16200 16060
5acaab954d9ec454 3 16200 18980
5acaab954d9ec454 3 17550 18980
5acaab954d9ec454 3 18900 18980
5acaab954d9ec454 3 20250 18980
5acaab954d9ec454 3 18663 18980
5acaab954d9ec454 3 20013 18980
5acaab954d9ec454 1 14850 17520
5acaab954d9ec454 1 16200 17520
5acaab954d9ec454 1 17550 17520
5acaab954d9ec454 1 16200 17520
5acaab954d9ec454 1 17550 17520
5acaab954d9ec454 3 18663 18980
5acaab954d9ec454 3 20013 18980
5acaab954d9ec454 3 18663 18980
5acaab954d9ec454 3 20013 18980
5acaab954d9ec454 1 16200 17520
5acaab954d9ec454 1 17550 17520
5acaab954d9ec454 1 16200 17520
5acaab954d9ec454 1 17550 17520
5acaab954d9ec454 3 18663 18980
5acaab954d9ec454 3 20013 18980
5acaab954d9ec454 1 16200 14600
5acaab954d9ec454 3 18663 18980
5acaab954d9ec454 3 20013 18980
5acaab954d9ec454 1 14850 14600
5acaab954d9ec454 3 18663 20440
5acaab954d9ec454 3 20013 20440
5acaab954d9ec454 3 21363 20440
5acaab954d9ec454 1 13500 14600
5acaab954d9ec454 1 14850 14600
5acaab954d9ec454 1 16200 14600
5acaab954d9ec454 1 14850 14600
5acaab954d9ec454 3 14646 16060
5acaab954d9ec454 3 15996 16060
5acaab954d9ec454 3 17346 16060
5acaab954d9ec454 1 13500 14600
5acaab954d9ec454 1 14850 14600
5acaab954d9ec454 3 15996 16060
5acaab954d9ec454 3 17346 16060
5acaab954d9ec454 1 13500 14600
5acaab954d9ec454 1 14850 14600
5acaab954d9ec454 3 15996 16060
5acaab954d9ec454 3 17346 16060
5acaab954d9ec454 1 13500 16060
5acaab954d9ec454 1 14850 16060
5acaab954d9ec454 1 16200 16060
5acaab954d9ec454 3 15996 16060
5acaab954d9ec454 3 17346 16060
5acaab954d9ec454 1 16200 16060
5acaab954d9ec454 1 14850 16060
5acaab954d9ec454 1 16200 16060
5acaab954d9ec454 3 15996 16060
5acaab954d9ec454 3 17346 16060
5acaab954d9ec454 1 14850 16060
5acaab954d9ec454 1 16200 16060
5acaab954d9ec454 1 17550 16060
5acaab954d9ec454 3 14850 17520
5acaab954d9ec454 3 16200 17520
5acaab954d9ec454 3 17550 17520
5acaab954d9ec454 1 17550 16060
5acaab954d9ec454 1 15976 16060
5acaab954d9ec454 1 17326 16060
5acaab954d9ec454 3 16200 17520
5acaab954d9ec454 3 17550 17520
5acaab954d9ec454 1 15976 16060
5acaab954d9ec454 1 17326 16060
5acaab954d9ec454 3 16200 17520
5acaab954d9ec454 3 17550 17520
5acaab954d9ec454 1 15976 16060
5acaab954d9ec454 1 17326 16060
5acaab954d9ec454 3 16200 17520
5acaab954d9ec454 3 17550 17520
5acaab954d9ec454 1 15976 16060
5acaab954d9ec454 1 17326 16060
5acaab954d9ec454 3 16200 17520
5acaab954d9ec454 3 17550 17520
5acaab954d9ec454 1 15976 16060
5acaab954d9ec454 1 17326 16060
5acaab954d9ec454 3 16200 17520
5acaab954d9ec454 3 17550 17520
5acaab954d9ec454 1 15976 16060
5acaab954d9ec454 1 17326 16060
5acaab954d9ec454 3 16200 17520
5acaab954d9ec454 3 17550 17520
5acaab954d9ec454 1 15976 16060
5acaab954d9ec454 1 17069 16060
5acaab954d9ec454 3 16200 17520
5acaab954d9ec454 3 17550 17520
5acaab954d9ec454 1 14593 13140
5acaab954d9ec454 3 16200 17520
5acaab954d9ec454 3 17550 17520
5acaab954d9ec454 1 11893 13140
5acaab954d9ec454 1 13243 13140
5acaab954d9ec454 3 17550 17520
5acaab954d9ec454 3 16200 17520
5acaab954d9ec454 3 17550 17520
5acaab954d9ec454 1 11893 13140
5acaab954d9ec454 1 13243 13140
5acaab954d9ec454 3 16200 17520
5acaab954d9ec454 3 17550 17520
5acaab954d9ec454 1 11893 13140
5acaab954d9ec454 1 13243 13140
5acaab954d9ec454 3 16200 17520
5acaab954d9ec454 3 17550 17520
5acaab954d9ec454 1 11893 13140
5acaab954d9ec454 1 13243 13140
5acaab954d9ec454 3 16200 17520
5acaab954d9ec454 3 17550 17520
5acaab954d9ec454 1 12150 13140
5acaab954d9ec454 1 13500 13140
5acaab954d9ec454 3 16200 18980
5acaab954d9ec454 3 17550 18980
5acaab954d9ec454 3 18900 18980
5acaab954d9ec454 3 19799 18980
5acaab954d9ec454 1 12150 13140
5acaab954d9ec454 1 13500 13140
5acaab954d9ec454 3 19799 18980
5acaab954d9ec454 3 18449 18980
5acaab954d9ec454 3 19799 18980
5acaab954d9ec454 1 12150 13140
5acaab954d9ec454 1 13500 13140
5acaab954d9ec454 3 18449 18980
5acaab954d9ec454 3 19799 18980
5acaab954d9ec454 1 12150 13140
5acaab954d9ec454 1 13500 13140
5acaab954d9ec454 3 18449 18980
5acaab954d9ec454 3 19799 18980
5acaab954d9ec454 1 12150 13140
5acaab954d9ec454 1 13500 13140
5acaab954d9ec454 3 19799 18980
5acaab954d9ec454 1 12150 13140
5acaab954d9ec454 1 13500 13140
5acaab954d9ec454 1 14850 13140
5acaab954d9ec454 3 17099 16060
5acaab954d9ec454 1 13500 14600
5acaab954d9ec454 1 14850 14600
5acaab954d9ec454 3 15749 16060
5acaab954d9ec454 3 17099 16060
5acaab954d9ec454 1 13500 14600
5acaab954d9ec454 1 14850 14600
5acaab954d9ec454 3 17099 16060
5acaab954d9ec454 3 15537 16060
5acaab954d9ec454 3 16887 16060
5acaab954d9ec454 3 15988 16060
5acaab954d9ec454 3 17338 16060
5acaab954d9ec454 1 13500 14600
5acaab954d9ec454 1 14850 14600
5acaab954d9ec454 1 16200 14600
5acaab954d9ec454 3 15988 16060
5acaab954d9ec454 3 17338 16060
5acaab954d9ec454 1 14850 14600
5acaab954d9ec454 3 15988 16060
5acaab954d9ec454 3 17338 16060
5acaab954d9ec454 1 13500 14600
5acaab954d9ec454 1 14850 14600
5acaab954d9ec454 3 15988 16060
5acaab954d9ec454 3 17338 16060
5acaab954d9ec454 1 13500 14600
5acaab954d9ec454 1 14850 14600
5acaab954d9ec454 3 15988 16060
5acaab954d9ec454 3 17338 16060
5acaab954d9ec454 1 13500 16060
5acaab954d9ec454 1 14850 16060
5acaab954d9ec454 1 16200 16060
5acaab954d9ec454 3 16200 16060
5acaab954d9ec454 1 14850 16060
5acaab954d9ec454 1 16200 16060
5acaab954d9ec454 3 14626 16060
5acaab954d9ec454 3 15976 16060
5acaab954d9ec454 3 17326 16060
5acaab954d9ec454 1 14850 16060
5acaab954d9ec454 1 16200 16060
5acaab954d9ec454 3 15976 16060
5acaab954d9ec454 3 17326 16060
5acaab954d9ec454 3 17326 16060
5acaab954d9ec454 1 14850 16060
5acaab954d9ec454 1 16200 16060
5acaab954d9ec454 3 15976 16060
5acaab954d9ec454 3 17326 16060
5acaab954d9ec454 1 17550 16060
5acaab954d9ec454 1 16200 16060
5acaab954d9ec454 3 13276 13140
5acaab954d9ec454 1 14850 16060
5acaab954d9ec454 1 16200 16060
5acaab954d9ec454 3 11926 13140
5acaab954d9ec454 3 13276 13140
5acaab954d9ec454 1 14850 17520
5acaab954d9ec454 1 16200 17520
5acaab954d9ec454 1 17550 17520
5acaab954d9ec454 3 12150 13140
5acaab954d9ec454 3 13500 13140
5acaab954d9ec454 1 16200 17520
5acaab954d9ec454 1 17550 17520
5acaab954d9ec454 3 12150 13140
5acaab954d9ec454 3 13256 13140
5acaab954d9ec454 1 16200 17520
5acaab954d9ec454 1 17550 17520
5acaab954d9ec454 3 11906 13140
5acaab954d9ec454 3 13256 13140
5acaab954d9ec454 1 16200 17520
5acaab954d9ec454 1 17550 17520
5acaab954d9ec454 3 11906 14600
5acaab954d9ec454 3 13256 14600
5acaab954d9ec454 3 14606 14600
5acaab954d9ec454 1 16200 17520
5acaab954d9ec454 1 17550 17520
5acaab954d9ec454 3 14606 14600
5acaab954d9ec454 3 13256 14600
5acaab954d9ec454 3 14606 14600
5acaab954d9ec454 1 16200 17520
5acaab954d9ec454 1 17550 17520
5acaab954d9ec454 3 13256 14600
5acaab954d9ec454 3 14606 14600
5acaab954d9ec454 1 16200 18980
5acaab954d9ec454 1 17550 18980
5acaab954d9ec454 1 18900 18980
5acaab954d9ec454 1 20250 18980
5acaab954d9ec454 3 13500 14600
5acaab954d9ec454 3 14850 14600
5acaab954d9ec454 1 18900 18980
5acaab954d9ec454 1 20013 18980
5acaab954d9ec454 3 13500 14600
5acaab954d9ec454 3 14850 14600
5acaab954d9ec454 1 18663 18980
5acaab954d9ec454 1 20013 18980
5acaab954d9ec454 3 13500 14600
5acaab954d9ec454 3 14850 14600
5acaab954d9ec454 1 18663 18980
5acaab954d9ec454 1 20013 18980
5acaab954d9ec454 3 14850 14600
5acaab954d9ec454 3 13500 14600
5acaab954d9ec454 3 14850 14600
5acaab954d9ec454 1 18663 18980
5acaab954d9ec454 1 20013 18980
5acaab954d9ec454 3 13500 14600
5acaab954d9ec454 3 14850 14600
5acaab954d9ec454 1 18663 18980
5acaab954d9ec454 1 20013 18980
5acaab954d9ec454 3 13500 14600
5acaab954d9ec454 3 14850 14600
5acaab954d9ec454 1 18663 20440
5acaab954d9ec454 1 20013 20440
5acaab954d9ec454 1 21363 20440
5acaab954d9ec454 3 13500 14600
5acaab954d9ec454 3 14850 14600
5acaab954d9ec454 1 20013 20440
5acaab954d9ec454 1 21116 20440
5acaab954d9ec454 3 13500 14600
5acaab954d9ec454 3 14850 14600
5acaab954d9ec454 3 16200 14600
5acaab954d9ec454 3 14850 14600
5acaab954d9ec454 3 16200 14600
5acaab954d9ec454 1 14603 16060
5acaab954d9ec454 1 15953 16060
5acaab954d9ec454 1 17303 16060
5acaab954d9ec454 3 14850 14600
5acaab954d9ec454 1 15953 16060
5acaab954d9ec454 1 17303 16060
5acaab954d9ec454 3 13500 16060
5acaab954d9ec454 3 14850 16060
5acaab954d9ec454 3 16200 16060
5acaab954d9ec454 1 15953 16060
5acaab954d9ec454 1 17303 16060
5acaab954d9ec454 3 14850 16060
5acaab954d9ec454 3 16200 16060
5acaab954d9ec454 1 15953 16060
5acaab954d9ec454 1 17303 16060
5acaab954d9ec454 3 14850 16060
5acaab954d9ec454 3 16200 16060
5acaab954d9ec454 1 15953 16060
5acaab954d9ec454 1 17303 16060
5acaab954d9ec454 3 14850 16060
5acaab954d9ec454 3 16200 16060
5acaab954d9ec454 1 16001 16060
5acaab954d9ec454 1 17351 16060
5acaab954d9ec454 3 14850 16060
5acaab954d9ec454 3 16200 16060
5acaab954d9ec454 1 16001 17520
5acaab954d9ec454 1 17351 17520
5acaab954d9ec454 1 18701 17520
5acaab954d9ec454 3 14850 16060
5acaab954d9ec454 3 16200 16060
5acaab954d9ec454 1 17351 17520
5acaab954d9ec454 1 18701 17520
5acaab954d9ec454 3 16200 16060
5acaab954d9ec454 3 14850 17520
5acaab954d9ec454 3 16200 17520
5acaab954d9ec454 3 17550 17520
5acaab954d9ec454 1 17351 17520
5acaab954d9ec454 1 18701 17520
5acaab954d9ec454 3 17550 17520
5acaab954d9ec454 1 17351 17520
5acaab954d9ec454 1 18701 17520
5acaab954d9ec454 3 16200 17520
5acaab954d9ec454 3 17550 17520
5acaab954d9ec454 3 16200 17520
5acaab954d9ec454 3 17550 17520
5acaab954d9ec454 1 17351 17520
5acaab954d9ec454 1 18701 17520
5acaab954d9ec454 3 16200 17520
5acaab954d9ec454 3 17303 17520
5acaab954d9ec454 3 18653 17520
5acaab954d9ec454 1 17550 17520
5acaab954d9ec454 1 16200 17520
5acaab954d9ec454 1 17550 17520
5acaab954d9ec454 3 17303 17520
5acaab954d9ec454 3 18653 17520
5acaab954d9ec454 3 17303 17520
5acaab954d9ec454 3 18653 17520
5acaab954d9ec454 3 20003 17520
5acaab954d9ec454 1 14850 14600
5acaab954d9ec454 1 13500 14600
5acaab954d9ec454 1 14850 14600
5acaab954d9ec454 3 18653 18980
5acaab954d9ec454 3 20003 18980
5acaab954d9ec454 3 17303 16060
5acaab954d9ec454 1 13500 14600
5acaab954d9ec454 1 14850 14600
5acaab954d9ec454 3 15953 16060
5acaab954d9ec454 3 17303 16060
5acaab954d9ec454 1 13500 14600
5acaab954d9ec454 1 14850 14600
5acaab954d9ec454 3 15953 16060
5acaab954d9ec454 3 17303 16060
5acaab954d9ec454 1 13500 14600
5acaab954d9ec454 1 14850 14600
5acaab954d9ec454 3 13500 16060
5acaab954d9ec454 3 14850 16060
5acaab954d9ec454 3 16200 16060
5acaab954d9ec454 1 14850 14600
5acaab954d9ec454 1 13052 14600
5acaab954d9ec454 1 14402 14600
5acaab954d9ec454 1 15752 14600
5acaab954d9ec454 3 14850 16060
5acaab954d9ec454 3 16200 16060
5acaab954d9ec454 1 14402 14600
5acaab954d9ec454 1 15752 14600
5acaab954d9ec454 3 14850 16060
5acaab954d9ec454 3 16200 16060
5acaab954d9ec454 1 14402 14600
5acaab954d9ec454 1 15752 14600
5acaab954d9ec454 3 14850 17520
5acaab954d9ec454 3 16200 17520
5acaab954d9ec454 3 17550 17520
5acaab954d9ec454 1 14402 14600
5acaab954d9ec454 1 15752 14600
5acaab954d9ec454 3 16200 17520
5acaab954d9ec454 3 17550 17520
5acaab954d9ec454 1 14402 14600
5acaab954d9ec454 1 15752 14600
5acaab954d9ec454 3 16200 17520
5acaab954d9ec454 3 17550 17520
5acaab954d9ec454 1 14850 14600
5acaab954d9ec454 1 14850 14600
5acaab954d9ec454 1 13500 14600
5acaab954d9ec454 1 14850 14600
5acaab954d9ec454 3 15954 17520
5acaab954d9ec454 3 17304 17520
5acaab954d9ec454 3 18654 17520
5acaab954d9ec454 1 13500 16060
5acaab954d9ec454 1 14850 16060
5acaab954d9ec454 1 16200 16060
5acaab954d9ec454 3 17304 17520
5acaab954d9ec454 3 18654 17520
5acaab954d9ec454 1 14850 16060
5acaab954d9ec454 1 16200 16060
5acaab954d9ec454 3 17304 17520
5acaab954d9ec454 3 18654 17520
5acaab954d9ec454 3 17304 17520
5acaab954d9ec454 3 18654 17520
5acaab954d9ec454 1 14850 16060
5acaab954d9ec454 1 16200 16060
5acaab954d9ec454 1 16200 16060
5acaab954d9ec454 1 14850 16060
5acaab954d9ec454 1 16200 16060
5acaab954d9ec454 3 17304 17520
5acaab954d9ec454 3 18654 17520
5acaab954d9ec454 3 17304 17520
5acaab954d9ec454 3 18654 17520
5acaab954d9ec454 1 14850 16060
5acaab954d9ec454 1 16200 16060
5acaab954d9ec454 1 14850 16060
5acaab954d9ec454 1 15954 16060
5acaab954d9ec454 1 15983 16060
Info for stream 5 of 5acaab954d9ec454
Path 1: sent 540 retrans 85 lost 81; rcv 243 rtt 30.82ms
Path 3: sent 503 retrans 95 lost 71; rcv 271 rtt 32.108ms
Path 0: sent 8 retrans 0 lost 0; rcv 7 rtt 34.376ms
5acaab954d9ec454 1 14633 17520
5acaab954d9ec454 1 14668 17520
5acaab954d9ec454 1 14668 17520
5acaab954d9ec454 3 6750 14600
5acaab954d9ec454 1 35 14600
5acaab954d9ec454 1 1385 14600
5acaab954d9ec454 1 1420 14600
5acaab954d9ec454 1 1420 14600
5acaab954d9ec454 1 1420 14600
5acaab954d9ec454 1 1420 14600
5acaab954d9ec454 1 1420 14600
5acaab954d9ec454 3 1350 14600
5acaab954d9ec454 1 25 2920
5acaab954d9ec454 3 1414 14600
5acaab954d9ec454 3 1414 14600
